[{
"imageFolderIndex":15,
"calibname":"apollo_RGB.txt",
"grey":[172, 174, 169],
"red":[
[168, 167, 165, 162, 157, 152, 146, 139, 131, 122, 113, 103, 91, 80, 65, 49, 34, 0, -1, -1, -1, 28, 49, 65, 80, 94, 108, 120, 131, 139, 148, 154, 160, 164, 166, 168],
[174, 173, 171, 167, 163, 158, 152, 145, 137, 128, 118, 108, 97, 85, 72, 58, 42, 28, 0, 0, 20, 38, 55, 72, 87, 100, 113, 126, 136, 145, 154, 160, 166, 170, 172, 174],
[179, 179, 177, 173, 169, 163, 157, 150, 142, 133, 123, 113, 102, 90, 78, 65, 52, 38, 28, 28, 38, 49, 63, 78, 93, 106, 119, 131, 141, 151, 158, 166, 171, 175, 178, 179],
[185, 183, 181, 178, 174, 169, 162, 155, 147, 139, 129, 118, 107, 96, 83, 72, 58, 49, 42, 38, 46, 58, 70, 83, 97, 111, 123, 136, 146, 155, 164, 171, 177, 181, 183, 185],
[190, 189, 187, 183, 179, 174, 167, 160, 152, 143, 134, 123, 112, 100, 88, 76, 65, 55, 49, 49, 55, 63, 76, 90, 103, 115, 129, 140, 151, 160, 169, 176, 181, 185, 188, 189],
[195, 194, 191, 188, 183, 179, 172, 165, 156, 148, 138, 128, 117, 106, 93, 82, 72, 63, 58, 55, 61, 70, 82, 94, 108, 121, 133, 145, 155, 165, 174, 180, 186, 190, 193, 195],
[200, 198, 196, 193, 188, 183, 177, 169, 161, 152, 142, 132, 121, 109, 99, 87, 76, 68, 63, 63, 68, 76, 87, 100, 112, 126, 138, 149, 160, 169, 178, 185, 191, 195, 198, 200],
[204, 203, 201, 198, 193, 187, 181, 174, 166, 156, 147, 136, 126, 114, 103, 91, 82, 74, 70, 70, 74, 82, 91, 104, 117, 130, 142, 154, 164, 174, 182, 189, 195, 200, 203, 204],
[208, 207, 206, 202, 197, 192, 185, 178, 169, 160, 150, 140, 130, 118, 107, 96, 87, 80, 74, 74, 78, 87, 97, 108, 121, 134, 146, 158, 169, 178, 186, 193, 200, 204, 207, 208],
[213, 212, 210, 206, 201, 196, 189, 182, 174, 164, 154, 144, 134, 122, 112, 100, 91, 85, 80, 80, 83, 91, 102, 113, 126, 138, 150, 162, 172, 182, 191, 198, 204, 208, 211, 212],
[217, 216, 214, 210, 206, 200, 193, 186, 177, 169, 158, 148, 138, 127, 115, 106, 96, 88, 85, 85, 88, 96, 106, 118, 130, 142, 154, 166, 177, 186, 195, 202, 207, 212, 215, 217],
[221, 220, 218, 214, 210, 204, 197, 189, 181, 172, 162, 152, 141, 130, 119, 109, 100, 93, 90, 90, 93, 100, 109, 121, 134, 146, 158, 169, 180, 190, 198, 206, 211, 216, 219, 221],
[225, 224, 222, 218, 214, 208, 201, 193, 185, 176, 166, 155, 145, 134, 123, 113, 104, 97, 94, 94, 97, 104, 114, 126, 138, 149, 162, 173, 184, 194, 202, 210, 215, 220, 223, 225],
[229, 228, 226, 222, 218, 212, 205, 197, 189, 179, 169, 159, 148, 138, 127, 117, 108, 102, 99, 97, 102, 108, 118, 129, 141, 153, 166, 177, 187, 197, 206, 213, 219, 223, 227, 228],
[232, 231, 229, 226, 221, 215, 208, 201, 192, 183, 173, 162, 152, 141, 131, 120, 112, 106, 102, 102, 106, 113, 122, 133, 145, 157, 169, 180, 191, 201, 210, 217, 223, 227, 230, 232],
[236, 235, 233, 229, 225, 219, 212, 204, 196, 186, 177, 166, 155, 144, 134, 124, 115, 109, 106, 106, 109, 117, 126, 137, 148, 160, 172, 183, 195, 204, 213, 220, 226, 231, 234, 236],
[240, 239, 236, 233, 228, 222, 215, 208, 199, 190, 180, 169, 158, 148, 138, 128, 119, 113, 109, 109, 113, 120, 129, 139, 151, 163, 176, 187, 198, 208, 216, 224, 230, 234, 238, 239],
[243, 242, 240, 236, 232, 226, 219, 211, 203, 193, 183, 172, 162, 151, 140, 131, 123, 117, 113, 113, 117, 123, 133, 143, 154, 167, 179, 190, 201, 211, 220, 227, 233, 238, 241, 243],
[247, 246, 243, 240, 235, 229, 222, 215, 206, 196, 186, 176, 165, 154, 144, 135, 127, 120, 117, 118, 121, 127, 136, 147, 158, 170, 182, 194, 204, 214, 223, 230, 236, 241, 245, 246],
[250, 249, 247, 243, 238, 232, 226, 218, 209, 200, 189, 179, 168, 158, 147, 138, 130, 123, 121, 121, 124, 131, 139, 149, 162, 173, 185, 197, 208, 218, 226, 234, 240, 245, 248, 249],
[253, 252, 250, 247, 242, 236, 229, 221, 212, 203, 193, 182, 172, 161, 150, 141, 133, 128, 124, 124, 128, 134, 142, 153, 165, 177, 188, 200, 211, 221, 229, 237, 243, 248, 251, 253]
],
"green":[
[111, 111, 112, 115, 116, 118, 121, 123, 124, 126, 128, 130, 131, 133, 134, 135, 135, 135, -1, -1, -1, 133, 132, 130, 128, 126, 124, 121, 118, 116, 115, 112, 111, 110, 110, 110],
[116, 117, 118, 119, 122, 124, 126, 128, 129, 131, 133, 135, 137, 138, 139, 140, 141, 141, 141, 141, 140, 139, 137, 135, 133, 131, 129, 126, 124, 122, 119, 118, 117, 116, 116, 116],
[122, 122, 124, 125, 127, 129, 131, 133, 135, 137, 139, 141, 142, 144, 145, 146, 147, 147, 147, 146, 145, 144, 143, 141, 139, 136, 134, 131, 129, 127, 125, 123, 122, 121, 121, 121],
[126, 127, 128, 130, 131, 133, 135, 138, 140, 142, 144, 146, 147, 148, 150, 151, 151, 152, 151, 151, 150, 149, 147, 146, 144, 141, 139, 136, 134, 132, 130, 128, 127, 126, 126, 126],
[131, 132, 133, 134, 136, 138, 140, 143, 145, 147, 148, 150, 152, 153, 154, 155, 156, 156, 156, 156, 155, 153, 153, 150, 148, 147, 144, 141, 139, 136, 134, 133, 131, 130, 130, 130],
[135, 136, 137, 139, 141, 143, 145, 147, 149, 151, 153, 155, 157, 158, 159, 160, 161, 161, 161, 160, 159, 158, 157, 155, 153, 151, 148, 146, 144, 141, 139, 137, 136, 135, 135, 135],
[140, 141, 142, 144, 146, 147, 149, 152, 153, 156, 158, 159, 161, 162, 163, 165, 165, 165, 165, 165, 164, 162, 161, 159, 158, 155, 153, 150, 147, 146, 144, 142, 140, 140, 139, 139],
[144, 145, 147, 147, 149, 152, 153, 156, 158, 160, 162, 163, 165, 166, 168, 168, 169, 169, 169, 168, 168, 167, 165, 164, 162, 159, 157, 154, 152, 150, 147, 147, 145, 144, 144, 144],
[148, 149, 150, 152, 153, 156, 158, 160, 162, 164, 165, 168, 169, 171, 172, 173, 174, 174, 174, 173, 172, 171, 169, 168, 165, 163, 161, 158, 156, 154, 152, 150, 149, 148, 147, 147],
[152, 153, 154, 156, 158, 159, 162, 164, 165, 168, 170, 171, 173, 174, 176, 176, 177, 177, 177, 177, 176, 175, 174, 171, 169, 167, 165, 162, 160, 158, 156, 154, 153, 152, 152, 152],
[156, 157, 158, 160, 162, 163, 165, 168, 170, 171, 174, 176, 177, 179, 180, 181, 181, 181, 181, 181, 180, 179, 177, 176, 174, 171, 168, 166, 164, 162, 160, 158, 157, 156, 155, 155],
[160, 161, 162, 163, 165, 167, 169, 171, 174, 176, 177, 179, 181, 182, 183, 184, 185, 185, 185, 185, 184, 183, 181, 179, 177, 175, 172, 170, 168, 165, 163, 162, 161, 160, 159, 159],
[163, 164, 165, 167, 168, 171, 173, 175, 177, 179, 181, 183, 185, 186, 187, 188, 189, 189, 189, 188, 187, 186, 185, 183, 181, 179, 176, 174, 171, 169, 167, 165, 164, 163, 163, 163],
[167, 168, 169, 171, 172, 174, 176, 179, 181, 183, 185, 187, 188, 189, 191, 192, 192, 192, 192, 192, 191, 190, 188, 187, 184, 182, 180, 177, 175, 173, 171, 169, 168, 167, 166, 166],
[171, 171, 172, 174, 176, 178, 180, 182, 184, 186, 188, 190, 192, 193, 194, 195, 196, 196, 196, 196, 194, 193, 192, 190, 188, 185, 183, 181, 179, 176, 174, 172, 171, 170, 170, 170],
[174, 174, 176, 177, 179, 181, 183, 185, 187, 189, 191, 193, 195, 196, 197, 199, 199, 199, 199, 199, 198, 197, 195, 193, 191, 189, 187, 184, 182, 179, 177, 176, 174, 174, 173, 174],
[177, 178, 179, 181, 183, 185, 187, 189, 191, 193, 195, 197, 198, 200, 201, 202, 202, 203, 202, 202, 201, 200, 199, 197, 194, 192, 190, 187, 185, 183, 181, 179, 178, 177, 176, 176],
[180, 181, 183, 184, 185, 187, 190, 192, 194, 196, 198, 200, 202, 203, 204, 205, 206, 206, 206, 205, 205, 203, 202, 200, 197, 196, 193, 191, 188, 186, 184, 183, 181, 180, 180, 180],
[183, 184, 185, 187, 189, 191, 193, 195, 197, 199, 201, 203, 205, 206, 207, 208, 209, 209, 209, 209, 207, 206, 205, 203, 201, 199, 196, 194, 191, 189, 187, 185, 184, 183, 183, 183],
[187, 187, 189, 190, 192, 194, 196, 198, 200, 202, 205, 206, 208, 209, 210, 211, 212, 212, 212, 211, 211, 209, 208, 206, 204, 202, 199, 197, 194, 192, 191, 189, 187, 187, 186, 186],
[189, 191, 192, 193, 195, 197, 199, 201, 203, 205, 207, 209, 211, 213, 214, 214, 215, 215, 215, 215, 214, 213, 211, 209, 207, 205, 202, 200, 197, 196, 193, 192, 191, 189, 189, 189]
],
"blue":[
[114, 108, 103, 98, 92, 89, 86, 83, 83, 83, 85, 86, 91, 95, 99, 104, 111, 115, -1, -1, -1, 136, 140, 143, 146, 148, 149, 148, 147, 145, 143, 139, 135, 130, 125, 120],
[120, 114, 108, 103, 98, 95, 91, 89, 88, 89, 91, 92, 96, 101, 104, 111, 115, 121, 127, 132, 137, 142, 145, 149, 151, 153, 154, 154, 153, 151, 148, 144, 141, 136, 130, 125],
[125, 119, 113, 108, 103, 99, 96, 95, 94, 94, 95, 98, 101, 106, 111, 115, 121, 126, 132, 137, 143, 147, 151, 155, 157, 159, 159, 159, 159, 156, 154, 150, 146, 141, 136, 130],
[130, 124, 119, 113, 108, 104, 102, 99, 99, 99, 101, 103, 106, 111, 115, 121, 126, 131, 137, 143, 148, 152, 156, 159, 162, 163, 165, 164, 163, 162, 159, 155, 151, 146, 141, 135],
[134, 129, 123, 119, 113, 109, 107, 104, 103, 104, 106, 108, 111, 115, 120, 125, 131, 136, 142, 147, 152, 157, 161, 164, 167, 169, 170, 170, 169, 167, 163, 160, 156, 151, 146, 141],
[139, 133, 128, 123, 119, 114, 112, 109, 108, 108, 109, 112, 115, 120, 125, 130, 135, 141, 147, 152, 157, 162, 166, 170, 172, 173, 175, 175, 173, 171, 169, 165, 160, 155, 150, 145],
[143, 138, 132, 127, 123, 119, 115, 114, 113, 113, 114, 116, 120, 124, 129, 134, 140, 145, 151, 156, 162, 167, 170, 174, 176, 178, 179, 179, 178, 176, 173, 170, 165, 160, 155, 150],
[148, 143, 137, 131, 127, 123, 120, 118, 118, 118, 119, 121, 124, 128, 133, 139, 144, 150, 155, 161, 167, 171, 175, 178, 181, 182, 184, 183, 182, 180, 178, 174, 170, 165, 159, 154],
[152, 147, 141, 136, 131, 127, 124, 122, 121, 122, 123, 125, 128, 133, 138, 143, 149, 154, 159, 165, 170, 175, 179, 182, 185, 187, 188, 188, 186, 184, 182, 178, 174, 169, 163, 158],
[156, 150, 145, 140, 135, 131, 128, 126, 125, 125, 127, 129, 133, 137, 142, 147, 152, 158, 164, 170, 175, 180, 183, 187, 189, 191, 192, 192, 191, 189, 186, 182, 178, 173, 168, 162],
[160, 155, 149, 143, 139, 135, 132, 130, 129, 129, 131, 133, 137, 141, 145, 151, 156, 162, 168, 173, 179, 183, 188, 191, 194, 196, 196, 196, 195, 193, 190, 186, 182, 178, 172, 167],
[164, 159, 153, 148, 143, 139, 136, 134, 133, 133, 135, 137, 141, 144, 150, 155, 160, 166, 172, 178, 182, 187, 192, 195, 198, 199, 200, 200, 199, 197, 194, 190, 186, 181, 176, 170],
[168, 162, 156, 151, 147, 143, 140, 138, 137, 137, 139, 141, 144, 149, 153, 159, 164, 170, 175, 181, 186, 191, 196, 199, 201, 203, 204, 204, 203, 201, 198, 194, 190, 185, 180, 174],
[172, 166, 160, 155, 150, 146, 143, 142, 141, 141, 143, 144, 148, 152, 157, 162, 168, 174, 180, 185, 190, 195, 199, 203, 206, 207, 208, 208, 207, 205, 202, 198, 194, 188, 183, 178],
[175, 170, 164, 159, 154, 150, 147, 145, 144, 144, 146, 148, 151, 155, 160, 166, 172, 178, 183, 188, 194, 199, 203, 206, 209, 211, 211, 211, 210, 209, 206, 202, 198, 192, 187, 181],
[179, 173, 167, 162, 157, 154, 150, 149, 148, 148, 150, 151, 155, 159, 164, 170, 175, 181, 186, 192, 198, 203, 206, 210, 213, 214, 216, 215, 214, 212, 209, 206, 201, 196, 190, 184],
[182, 177, 171, 166, 161, 157, 154, 152, 151, 151, 153, 155, 159, 163, 167, 172, 178, 184, 190, 196, 201, 206, 210, 213, 216, 218, 219, 219, 218, 216, 213, 209, 204, 199, 194, 188],
[186, 180, 174, 169, 164, 160, 157, 155, 155, 155, 156, 159, 162, 166, 171, 176, 182, 188, 194, 199, 204, 209, 213, 217, 219, 222, 222, 222, 221, 219, 216, 213, 208, 203, 198, 192],
[189, 183, 178, 172, 167, 163, 160, 159, 158, 158, 159, 162, 165, 170, 174, 180, 185, 191, 197, 203, 208, 213, 217, 221, 223, 225, 226, 226, 224, 222, 219, 216, 211, 206, 201, 195],
[192, 186, 181, 175, 171, 167, 163, 162, 161, 161, 163, 165, 168, 172, 178, 182, 188, 194, 200, 206, 211, 216, 220, 224, 227, 228, 229, 229, 228, 226, 223, 219, 214, 210, 204, 198],
[196, 190, 184, 179, 174, 170, 167, 165, 164, 164, 166, 168, 171, 175, 180, 186, 192, 198, 203, 209, 214, 219, 223, 227, 230, 231, 233, 233, 231, 229, 226, 222, 218, 213, 207, 201]
],
"lumContrast":[0.017864420563, 0.028716559816, 0.044565462759, 0.066807201269, 0.096800484586, 0.135666060946, 0.184060125347, 0.241963652223, 0.308537538726, 0.382088577811, 0.460172162723, 0.539827837277, 0.617911422189, 0.691462461274, 0.758036347777, 0.815939874653, 0.864333939054, 0.903199515414, 0.933192798731, 0.955434537241, 0.971283440184, 0.982135579437]
}]