[{
"imageFolderIndex":20,
"calibname":"atlantis_newtablets_RGB.txt",
"grey":[117, 117, 113],
"red":[
[135, 134, 132, 129, 125, 121, 115, 109, 102, 94, 86, 75, 65, 52, 33, -1, -1, -1, -1, -1, -1, -1, -1, 20, 49, 65, 77, 89, 101, 109, 117, 123, 128, 131, 134, 135],
[138, 136, 134, 131, 128, 123, 117, 111, 104, 97, 88, 77, 67, 55, 38, 0, -1, -1, -1, -1, -1, -1, -1, 28, 52, 67, 81, 92, 102, 111, 120, 126, 130, 134, 136, 138],
[140, 139, 137, 134, 130, 126, 121, 114, 106, 98, 91, 81, 69, 58, 42, 20, -1, -1, -1, -1, -1, -1, -1, 33, 55, 69, 83, 95, 105, 114, 122, 128, 133, 137, 139, 140],
[143, 142, 140, 137, 133, 128, 123, 116, 109, 101, 92, 83, 72, 60, 46, 28, -1, -1, -1, -1, -1, -1, -1, 38, 58, 72, 86, 97, 108, 117, 124, 130, 135, 139, 142, 143],
[145, 144, 143, 140, 135, 131, 125, 118, 111, 104, 95, 86, 75, 63, 49, 28, -1, -1, -1, -1, -1, -1, 0, 42, 60, 75, 88, 100, 110, 120, 127, 133, 138, 142, 144, 145],
[148, 147, 145, 142, 138, 133, 128, 122, 114, 106, 97, 88, 77, 65, 52, 33, -1, -1, -1, -1, -1, -1, 20, 46, 63, 77, 91, 102, 113, 122, 129, 136, 141, 144, 147, 148],
[151, 150, 148, 144, 141, 136, 130, 124, 117, 109, 100, 91, 79, 67, 55, 38, 0, -1, -1, -1, -1, -1, 28, 49, 65, 81, 94, 105, 115, 124, 132, 138, 144, 147, 150, 151],
[154, 152, 151, 147, 144, 139, 133, 127, 120, 111, 102, 92, 83, 72, 58, 42, 20, -1, -1, -1, -1, -1, 33, 52, 69, 83, 95, 108, 117, 127, 134, 141, 146, 150, 152, 153],
[156, 156, 153, 151, 146, 142, 136, 129, 122, 114, 105, 95, 84, 74, 60, 46, 28, -1, -1, -1, -1, 0, 38, 58, 72, 86, 98, 110, 121, 129, 137, 144, 149, 152, 155, 156],
[159, 158, 156, 153, 149, 144, 138, 132, 125, 116, 108, 98, 88, 75, 63, 49, 33, 0, -1, -1, -1, 28, 46, 60, 75, 88, 101, 113, 123, 132, 140, 146, 151, 155, 157, 159],
[162, 160, 159, 156, 151, 147, 141, 134, 127, 120, 110, 101, 89, 79, 67, 52, 38, 20, -1, -1, -1, 33, 49, 63, 77, 91, 104, 115, 125, 134, 142, 149, 154, 158, 160, 161],
[164, 164, 161, 159, 155, 150, 144, 137, 130, 122, 113, 102, 92, 81, 69, 58, 42, 28, 0, -1, 20, 38, 52, 67, 81, 94, 106, 117, 128, 137, 144, 151, 156, 160, 163, 164],
[167, 167, 164, 161, 157, 152, 146, 140, 132, 124, 115, 105, 95, 84, 72, 60, 46, 33, 20, 20, 28, 42, 55, 69, 83, 97, 109, 121, 130, 140, 147, 154, 159, 163, 166, 167],
[170, 169, 167, 164, 160, 155, 149, 143, 135, 127, 118, 108, 98, 86, 75, 63, 52, 38, 28, 28, 33, 46, 60, 74, 86, 100, 111, 123, 133, 142, 150, 156, 162, 166, 168, 170],
[173, 172, 170, 167, 163, 158, 152, 145, 138, 129, 121, 111, 101, 89, 77, 67, 55, 46, 38, 33, 38, 49, 63, 75, 89, 102, 114, 125, 136, 144, 152, 160, 164, 169, 171, 173],
[175, 175, 173, 170, 166, 160, 155, 148, 141, 132, 123, 114, 102, 92, 81, 69, 58, 49, 42, 38, 46, 55, 67, 79, 92, 105, 117, 128, 138, 147, 156, 162, 167, 171, 174, 175],
[178, 178, 175, 173, 168, 164, 157, 151, 143, 135, 126, 116, 106, 95, 84, 74, 63, 52, 46, 46, 49, 58, 69, 83, 95, 108, 120, 131, 141, 150, 158, 164, 170, 174, 177, 178],
[182, 180, 178, 175, 171, 166, 160, 153, 145, 137, 128, 118, 109, 98, 86, 75, 65, 55, 49, 49, 52, 63, 74, 84, 98, 110, 122, 133, 144, 153, 160, 167, 173, 177, 180, 181],
[184, 183, 181, 178, 174, 169, 163, 156, 149, 140, 131, 122, 111, 101, 89, 79, 69, 60, 55, 52, 58, 65, 75, 88, 101, 113, 125, 136, 146, 156, 164, 170, 175, 180, 182, 184],
[187, 186, 184, 181, 177, 172, 166, 159, 151, 143, 134, 124, 114, 104, 92, 81, 72, 63, 58, 58, 60, 69, 79, 91, 104, 116, 127, 139, 149, 158, 166, 173, 178, 182, 185, 187],
[190, 189, 187, 184, 180, 175, 169, 162, 154, 145, 136, 127, 116, 106, 95, 84, 75, 67, 63, 60, 65, 74, 83, 94, 106, 118, 130, 142, 151, 161, 169, 175, 181, 185, 188, 190]
],
"green":[
[79, 81, 82, 84, 86, 87, 89, 91, 92, 95, 97, 98, 99, 101, 102, -1, -1, -1, -1, -1, -1, -1, -1, 98, 95, 94, 91, 89, 86, 84, 82, 81, 79, 79, 79, 79],
[82, 82, 84, 86, 87, 89, 91, 94, 95, 97, 98, 101, 102, 103, 103, 105, -1, -1, -1, -1, -1, -1, -1, 101, 98, 97, 94, 91, 89, 86, 84, 82, 82, 81, 81, 81],
[84, 86, 86, 87, 91, 92, 94, 95, 98, 99, 101, 102, 105, 105, 106, 107, -1, -1, -1, -1, -1, -1, -1, 102, 101, 98, 97, 94, 91, 89, 87, 86, 84, 84, 82, 84],
[87, 87, 89, 91, 92, 94, 97, 98, 99, 102, 103, 105, 106, 107, 109, 110, -1, -1, -1, -1, -1, -1, -1, 105, 103, 101, 98, 97, 94, 92, 89, 87, 87, 86, 86, 86],
[89, 91, 92, 94, 95, 97, 98, 101, 102, 105, 106, 107, 109, 110, 111, 112, -1, -1, -1, -1, -1, -1, 109, 107, 106, 103, 101, 98, 97, 94, 92, 91, 89, 89, 87, 89],
[92, 92, 94, 95, 98, 99, 101, 103, 105, 107, 109, 110, 111, 112, 113, 115, -1, -1, -1, -1, -1, -1, 112, 110, 107, 106, 103, 101, 98, 97, 95, 92, 92, 91, 91, 91],
[94, 95, 97, 98, 99, 102, 103, 106, 107, 110, 111, 112, 115, 116, 117, 117, 118, -1, -1, -1, -1, -1, 115, 112, 110, 109, 106, 103, 101, 99, 97, 95, 94, 94, 94, 94],
[97, 98, 99, 101, 102, 105, 106, 109, 110, 112, 113, 115, 117, 118, 119, 119, 120, -1, -1, -1, -1, -1, 117, 115, 113, 111, 109, 106, 103, 102, 99, 98, 97, 97, 95, 97],
[99, 101, 102, 103, 105, 107, 109, 111, 112, 115, 116, 118, 119, 120, 121, 123, 123, -1, -1, -1, -1, 120, 119, 117, 116, 113, 111, 109, 106, 103, 102, 101, 99, 98, 98, 98],
[102, 102, 103, 106, 107, 110, 111, 113, 115, 117, 119, 120, 121, 123, 124, 125, 126, 126, -1, -1, -1, 124, 121, 120, 118, 116, 113, 111, 109, 106, 105, 103, 102, 101, 101, 101],
[105, 105, 106, 109, 110, 112, 113, 116, 118, 119, 121, 123, 125, 126, 127, 128, 128, 128, -1, -1, -1, 126, 125, 123, 120, 118, 116, 113, 111, 109, 107, 106, 105, 103, 103, 103],
[107, 107, 110, 111, 112, 115, 116, 118, 120, 123, 124, 126, 127, 128, 129, 130, 131, 131, 131, -1, 130, 128, 127, 125, 124, 121, 118, 116, 113, 112, 110, 109, 107, 106, 106, 106],
[110, 111, 112, 113, 115, 117, 119, 120, 123, 125, 127, 128, 130, 131, 132, 133, 133, 134, 133, 133, 132, 131, 130, 128, 126, 124, 121, 119, 117, 115, 112, 111, 110, 109, 109, 109],
[112, 113, 115, 116, 118, 119, 121, 124, 126, 128, 129, 131, 132, 134, 135, 136, 136, 136, 136, 136, 135, 134, 132, 130, 129, 126, 124, 121, 119, 117, 115, 113, 112, 111, 111, 111],
[115, 116, 117, 118, 120, 123, 124, 126, 128, 130, 132, 134, 135, 136, 137, 138, 139, 139, 139, 138, 138, 136, 135, 133, 131, 129, 127, 124, 121, 119, 118, 116, 115, 115, 113, 115],
[117, 118, 119, 121, 123, 125, 127, 129, 131, 133, 135, 136, 138, 139, 140, 141, 141, 141, 141, 141, 140, 139, 138, 136, 134, 132, 129, 127, 125, 123, 120, 119, 118, 117, 117, 117],
[120, 121, 123, 124, 126, 128, 130, 131, 133, 135, 137, 139, 141, 141, 142, 143, 144, 144, 144, 143, 142, 141, 140, 139, 136, 134, 132, 130, 127, 125, 123, 121, 120, 119, 119, 119],
[123, 124, 125, 127, 128, 130, 132, 134, 136, 138, 140, 141, 143, 144, 145, 146, 147, 147, 147, 146, 145, 144, 142, 141, 139, 137, 135, 132, 130, 128, 126, 125, 123, 123, 121, 123],
[126, 127, 128, 129, 131, 133, 135, 137, 139, 141, 142, 144, 146, 147, 148, 149, 149, 149, 149, 149, 148, 147, 145, 143, 141, 140, 137, 135, 133, 130, 129, 127, 126, 125, 125, 125],
[128, 129, 130, 132, 134, 136, 138, 140, 141, 143, 145, 147, 149, 149, 150, 151, 152, 152, 152, 152, 151, 149, 148, 146, 144, 142, 140, 138, 135, 133, 131, 130, 129, 128, 128, 128],
[131, 132, 133, 135, 136, 138, 141, 142, 144, 146, 148, 149, 151, 152, 154, 155, 155, 155, 155, 155, 154, 152, 151, 149, 147, 145, 142, 141, 138, 136, 134, 132, 131, 131, 130, 130]
],
"blue":[
[85, 79, 73, 70, 63, 59, 56, 54, 54, 54, 54, 56, 61, 65, 70, -1, -1, -1, -1, -1, -1, -1, -1, 113, 116, 118, 118, 118, 118, 116, 113, 110, 105, 101, 96, 90],
[87, 82, 77, 71, 65, 61, 59, 56, 56, 56, 56, 59, 63, 68, 73, 77, -1, -1, -1, -1, -1, -1, -1, 116, 118, 120, 121, 121, 120, 118, 116, 112, 107, 104, 98, 93],
[90, 84, 79, 73, 70, 65, 61, 59, 59, 59, 59, 63, 65, 70, 75, 80, -1, -1, -1, -1, -1, -1, -1, 118, 120, 122, 123, 123, 122, 120, 118, 114, 110, 106, 101, 96],
[93, 87, 80, 75, 71, 68, 63, 61, 61, 61, 63, 65, 68, 73, 77, 82, -1, -1, -1, -1, -1, -1, -1, 120, 123, 124, 125, 125, 124, 123, 120, 117, 113, 109, 104, 98],
[94, 90, 84, 79, 73, 70, 68, 63, 63, 63, 65, 68, 71, 75, 80, 85, -1, -1, -1, -1, -1, -1, 120, 123, 125, 127, 128, 128, 127, 125, 123, 119, 116, 111, 106, 100],
[97, 91, 87, 80, 77, 71, 70, 68, 65, 65, 68, 70, 73, 77, 82, 87, -1, -1, -1, -1, -1, -1, 122, 125, 128, 129, 130, 130, 129, 128, 125, 122, 118, 113, 109, 102],
[100, 94, 88, 84, 79, 75, 71, 70, 68, 70, 70, 73, 75, 80, 85, 90, 96, -1, -1, -1, -1, -1, 124, 128, 130, 132, 133, 133, 132, 130, 127, 124, 120, 116, 111, 105],
[102, 97, 91, 87, 82, 77, 73, 71, 71, 71, 73, 75, 79, 82, 87, 93, 98, -1, -1, -1, -1, -1, 127, 130, 133, 135, 136, 136, 135, 133, 130, 127, 123, 118, 113, 107],
[105, 100, 94, 88, 84, 80, 77, 75, 73, 73, 75, 77, 80, 85, 90, 96, 101, -1, -1, -1, -1, 126, 130, 133, 136, 137, 138, 138, 137, 135, 133, 129, 125, 121, 116, 110],
[107, 102, 97, 91, 87, 82, 79, 77, 77, 77, 79, 80, 84, 88, 93, 97, 104, 109, -1, -1, -1, 128, 132, 136, 138, 140, 141, 141, 140, 138, 135, 132, 128, 123, 118, 113],
[110, 105, 98, 94, 90, 85, 82, 80, 79, 79, 80, 84, 87, 90, 96, 100, 106, 111, -1, -1, -1, 131, 135, 138, 141, 143, 144, 144, 143, 141, 138, 135, 130, 126, 121, 116],
[112, 107, 101, 97, 91, 88, 85, 82, 82, 82, 84, 85, 88, 93, 97, 102, 109, 113, 119, -1, 129, 134, 138, 141, 144, 145, 146, 146, 145, 144, 141, 137, 133, 128, 123, 118],
[116, 110, 104, 98, 94, 90, 87, 85, 84, 84, 85, 88, 91, 96, 100, 105, 111, 117, 122, 127, 132, 136, 141, 144, 146, 148, 149, 149, 148, 146, 144, 140, 136, 131, 126, 121],
[118, 112, 106, 101, 97, 93, 90, 88, 87, 87, 88, 91, 94, 98, 102, 109, 113, 119, 124, 129, 134, 139, 144, 146, 149, 151, 152, 151, 151, 149, 146, 143, 139, 134, 128, 123],
[120, 114, 110, 104, 100, 96, 93, 90, 90, 90, 91, 93, 97, 101, 105, 111, 116, 121, 127, 132, 137, 142, 146, 150, 152, 154, 155, 155, 154, 151, 149, 145, 142, 136, 131, 126],
[123, 118, 112, 107, 102, 98, 96, 93, 93, 93, 94, 96, 100, 104, 109, 113, 119, 124, 129, 135, 140, 144, 149, 152, 155, 156, 157, 157, 156, 155, 151, 148, 144, 139, 134, 128],
[125, 120, 114, 110, 105, 101, 98, 96, 94, 96, 97, 98, 102, 106, 111, 116, 121, 127, 132, 138, 143, 147, 151, 155, 157, 160, 160, 160, 159, 157, 155, 151, 147, 142, 137, 131],
[128, 123, 118, 112, 107, 104, 101, 98, 97, 98, 100, 101, 105, 109, 113, 119, 124, 129, 135, 141, 145, 151, 154, 158, 160, 162, 163, 163, 162, 160, 157, 154, 150, 144, 140, 134],
[131, 125, 120, 114, 110, 106, 104, 101, 100, 101, 102, 104, 107, 111, 117, 121, 126, 132, 138, 144, 148, 153, 157, 160, 163, 165, 166, 166, 164, 163, 160, 156, 152, 148, 143, 137],
[134, 128, 123, 118, 113, 109, 106, 104, 104, 104, 105, 107, 110, 114, 119, 124, 129, 135, 141, 146, 151, 156, 160, 164, 166, 167, 169, 168, 167, 166, 163, 160, 155, 151, 145, 140],
[136, 131, 125, 120, 116, 112, 109, 106, 106, 106, 107, 110, 113, 117, 121, 126, 132, 138, 144, 149, 154, 159, 163, 166, 169, 170, 171, 171, 170, 168, 166, 162, 158, 153, 148, 143]
],

"lumContrast":[0.017864420563, 0.028716559816, 0.044565462759, 0.066807201269, 0.096800484586, 0.135666060946, 0.184060125347, 0.241963652223, 0.308537538726, 0.382088577811, 0.460172162723, 0.539827837277, 0.617911422189, 0.691462461274, 0.758036347777, 0.815939874653, 0.864333939054, 0.903199515414, 0.933192798731, 0.955434537241, 0.971283440184, 0.982135579437]
}]