[{
"imageFolderIndex":21,
"calibname":"challenger_newtablets_RGB.txt",
"grey":[112, 113, 108],
"red":[
[132, 131, 129, 126, 122, 117, 111, 104, 97, 89, 79, 69, 55, 41, 17, -1, -1, -1, -1, -1, -1, -1, -1, -1, 38, 58, 72, 86, 97, 106, 115, 121, 125, 129, 131, 133],
[135, 134, 132, 128, 124, 120, 113, 108, 100, 90, 81, 70, 58, 45, 24, -1, -1, -1, -1, -1, -1, -1, -1, 17, 41, 60, 76, 87, 99, 109, 117, 123, 128, 132, 134, 135],
[138, 137, 134, 131, 127, 122, 117, 110, 101, 93, 84, 72, 60, 48, 30, -1, -1, -1, -1, -1, -1, -1, -1, 17, 45, 62, 78, 90, 101, 111, 119, 125, 130, 134, 137, 138],
[141, 140, 137, 134, 130, 125, 119, 112, 104, 96, 86, 76, 65, 50, 34, -1, -1, -1, -1, -1, -1, -1, -1, 24, 50, 67, 81, 93, 104, 113, 121, 128, 133, 137, 140, 141],
[144, 143, 140, 137, 132, 127, 121, 115, 106, 99, 89, 78, 67, 53, 34, -1, -1, -1, -1, -1, -1, -1, -1, 30, 53, 69, 83, 96, 106, 116, 124, 130, 136, 140, 143, 144],
[146, 145, 143, 140, 135, 130, 124, 117, 110, 101, 92, 81, 69, 55, 38, 17, -1, -1, -1, -1, -1, -1, -1, 34, 55, 72, 86, 97, 109, 119, 126, 133, 139, 143, 145, 146],
[149, 148, 145, 143, 138, 133, 126, 120, 112, 104, 93, 83, 70, 58, 41, 17, -1, -1, -1, -1, -1, -1, 0, 41, 58, 74, 87, 100, 111, 121, 129, 136, 142, 145, 148, 149],
[152, 151, 149, 145, 141, 135, 129, 122, 115, 106, 96, 86, 74, 60, 45, 24, -1, -1, -1, -1, -1, -1, 17, 45, 62, 76, 90, 103, 113, 123, 131, 139, 144, 148, 151, 152],
[155, 154, 151, 148, 144, 138, 132, 125, 117, 109, 99, 89, 76, 65, 50, 30, -1, -1, -1, -1, -1, -1, 24, 48, 65, 79, 93, 105, 117, 126, 134, 141, 147, 151, 153, 155],
[158, 156, 154, 151, 146, 141, 135, 127, 120, 111, 101, 90, 79, 67, 53, 34, -1, -1, -1, -1, -1, -1, 30, 50, 67, 83, 96, 108, 119, 128, 137, 144, 150, 154, 156, 157],
[160, 160, 157, 154, 150, 144, 137, 130, 122, 113, 104, 93, 81, 69, 55, 38, 17, -1, -1, -1, -1, -1, 34, 53, 70, 84, 99, 111, 121, 131, 140, 147, 152, 156, 159, 160],
[163, 162, 160, 156, 152, 147, 140, 133, 125, 116, 106, 96, 84, 72, 58, 41, 24, -1, -1, -1, -1, 17, 38, 58, 72, 87, 101, 113, 124, 134, 143, 150, 155, 159, 162, 163],
[167, 165, 163, 160, 155, 150, 144, 136, 127, 119, 109, 99, 87, 74, 60, 48, 30, -1, -1, -1, -1, 24, 45, 60, 76, 90, 104, 116, 127, 137, 145, 152, 158, 162, 165, 166],
[169, 168, 166, 162, 158, 152, 146, 139, 130, 121, 111, 101, 89, 78, 65, 50, 34, 17, -1, -1, -1, 30, 48, 65, 79, 93, 106, 119, 129, 139, 148, 155, 160, 165, 167, 169],
[172, 171, 169, 165, 160, 156, 149, 142, 133, 124, 115, 104, 92, 79, 67, 53, 38, 24, -1, -1, 17, 34, 50, 67, 81, 96, 109, 121, 132, 142, 151, 158, 163, 167, 170, 172],
[175, 174, 172, 168, 163, 158, 151, 144, 136, 126, 117, 106, 95, 83, 70, 55, 41, 30, 17, 17, 24, 41, 55, 70, 84, 99, 112, 124, 135, 144, 153, 160, 166, 170, 173, 175],
[178, 177, 175, 171, 167, 161, 155, 147, 139, 129, 119, 109, 97, 86, 72, 60, 48, 34, 24, 24, 30, 45, 58, 72, 87, 101, 115, 126, 138, 148, 156, 163, 169, 173, 176, 178],
[181, 180, 178, 174, 170, 163, 157, 150, 142, 132, 122, 111, 100, 89, 76, 62, 50, 38, 30, 30, 38, 48, 62, 76, 90, 104, 117, 129, 141, 151, 159, 166, 172, 176, 179, 180],
[184, 183, 180, 177, 173, 167, 160, 152, 144, 135, 125, 115, 103, 90, 79, 67, 53, 45, 38, 34, 41, 53, 65, 79, 93, 106, 120, 132, 144, 153, 162, 169, 175, 179, 182, 184],
[187, 186, 183, 180, 175, 170, 163, 156, 147, 138, 127, 117, 105, 93, 81, 69, 58, 48, 41, 41, 45, 55, 69, 83, 96, 110, 122, 135, 146, 156, 164, 172, 178, 182, 185, 187],
[190, 189, 187, 183, 178, 173, 166, 158, 150, 141, 130, 120, 109, 96, 84, 72, 60, 50, 45, 45, 50, 60, 72, 86, 99, 112, 125, 137, 149, 159, 167, 175, 180, 185, 188, 190]
],
"green":[
[74, 74, 76, 78, 80, 81, 84, 86, 88, 89, 92, 93, 95, 96, 98, -1, -1, -1, -1, -1, -1, -1, -1, -1, 92, 89, 88, 84, 81, 80, 78, 76, 74, 73, 73, 73],
[76, 78, 78, 80, 83, 84, 86, 88, 91, 92, 93, 96, 98, 99, 100, -1, -1, -1, -1, -1, -1, -1, -1, 96, 95, 92, 89, 88, 84, 81, 80, 78, 76, 76, 76, 76],
[80, 80, 81, 83, 84, 86, 89, 91, 92, 95, 96, 98, 100, 102, 103, -1, -1, -1, -1, -1, -1, -1, -1, 99, 96, 95, 92, 89, 86, 84, 83, 81, 80, 78, 78, 78],
[81, 83, 83, 86, 88, 89, 91, 93, 95, 98, 99, 100, 103, 104, 104, -1, -1, -1, -1, -1, -1, -1, -1, 102, 99, 96, 95, 92, 89, 88, 84, 83, 81, 81, 81, 81],
[84, 84, 86, 88, 89, 92, 93, 96, 98, 100, 102, 103, 105, 107, 108, -1, -1, -1, -1, -1, -1, -1, -1, 104, 102, 99, 96, 95, 92, 89, 88, 86, 84, 83, 83, 83],
[86, 88, 89, 91, 92, 93, 96, 98, 100, 102, 104, 105, 108, 109, 110, 110, -1, -1, -1, -1, -1, -1, -1, 107, 104, 102, 99, 96, 95, 92, 89, 88, 86, 86, 86, 86],
[89, 89, 91, 92, 95, 96, 99, 100, 103, 104, 107, 108, 110, 111, 113, 114, -1, -1, -1, -1, -1, -1, 110, 109, 107, 104, 102, 99, 96, 95, 92, 91, 89, 89, 88, 88],
[92, 92, 93, 95, 98, 99, 102, 103, 105, 107, 109, 110, 113, 114, 115, 116, -1, -1, -1, -1, -1, -1, 113, 111, 109, 107, 104, 102, 99, 98, 95, 93, 92, 91, 91, 91],
[93, 95, 96, 98, 100, 102, 104, 105, 108, 110, 111, 114, 115, 116, 117, 118, -1, -1, -1, -1, -1, -1, 116, 114, 111, 109, 107, 104, 102, 99, 98, 96, 95, 93, 93, 93],
[96, 98, 99, 100, 102, 104, 107, 108, 110, 113, 114, 116, 117, 119, 120, 121, -1, -1, -1, -1, -1, -1, 118, 116, 114, 111, 109, 107, 104, 102, 100, 99, 98, 96, 96, 96],
[99, 100, 102, 103, 104, 107, 109, 111, 113, 115, 117, 118, 120, 121, 122, 124, 125, -1, -1, -1, -1, -1, 120, 119, 117, 115, 113, 109, 107, 104, 103, 100, 99, 99, 99, 99],
[102, 103, 104, 105, 108, 109, 111, 114, 116, 117, 119, 121, 122, 125, 126, 127, 127, -1, -1, -1, -1, 125, 124, 121, 119, 117, 115, 113, 110, 108, 105, 104, 102, 102, 102, 102],
[104, 105, 107, 108, 110, 111, 114, 116, 118, 120, 122, 124, 126, 127, 128, 129, 130, -1, -1, -1, -1, 128, 126, 125, 122, 119, 117, 115, 113, 110, 108, 107, 105, 104, 104, 104],
[107, 108, 109, 110, 113, 115, 117, 118, 120, 122, 125, 127, 128, 130, 131, 132, 133, 133, -1, -1, -1, 130, 129, 127, 125, 122, 120, 117, 115, 113, 110, 109, 108, 107, 107, 107],
[109, 110, 111, 114, 115, 117, 119, 121, 124, 126, 128, 130, 131, 133, 134, 135, 135, 135, -1, -1, 134, 133, 132, 130, 128, 125, 122, 120, 117, 115, 114, 111, 110, 109, 109, 109],
[113, 113, 115, 116, 118, 119, 121, 124, 126, 128, 130, 132, 134, 135, 136, 137, 137, 138, 138, 137, 136, 135, 134, 133, 130, 128, 126, 122, 120, 118, 116, 114, 113, 111, 111, 111],
[115, 116, 117, 118, 120, 122, 125, 127, 129, 131, 133, 135, 136, 137, 139, 140, 140, 141, 140, 140, 139, 138, 136, 135, 133, 131, 128, 126, 122, 120, 118, 117, 116, 115, 114, 115],
[117, 118, 119, 121, 124, 126, 128, 130, 132, 134, 135, 137, 139, 140, 142, 143, 143, 144, 144, 143, 142, 141, 139, 137, 135, 134, 131, 128, 126, 124, 121, 119, 118, 117, 117, 117],
[120, 121, 122, 125, 126, 128, 130, 132, 135, 136, 138, 140, 142, 143, 145, 146, 146, 146, 146, 146, 145, 144, 142, 140, 138, 135, 134, 131, 129, 126, 124, 122, 121, 120, 119, 119],
[122, 124, 126, 127, 129, 131, 133, 135, 137, 139, 141, 143, 145, 146, 147, 148, 149, 149, 149, 148, 147, 146, 145, 143, 141, 138, 136, 134, 131, 129, 127, 125, 124, 122, 122, 122],
[126, 127, 128, 130, 132, 134, 135, 137, 140, 142, 144, 146, 147, 149, 150, 151, 152, 152, 152, 152, 151, 149, 147, 146, 144, 141, 139, 136, 134, 132, 130, 128, 127, 126, 126, 126]
],
"blue":[
[80, 73, 68, 62, 58, 54, 51, 49, 49, 49, 49, 54, 56, 60, 66, -1, -1, -1, -1, -1, -1, -1, -1, -1, 110, 111, 112, 112, 111, 110, 107, 103, 99, 95, 90, 84],
[81, 76, 70, 66, 60, 56, 54, 51, 51, 51, 54, 56, 58, 62, 68, -1, -1, -1, -1, -1, -1, -1, -1, 110, 112, 114, 114, 114, 114, 112, 109, 107, 102, 97, 93, 87],
[84, 78, 73, 68, 64, 60, 56, 54, 54, 54, 56, 58, 60, 66, 70, -1, -1, -1, -1, -1, -1, -1, -1, 112, 114, 117, 118, 118, 117, 114, 112, 109, 104, 99, 94, 90],
[86, 81, 75, 70, 66, 62, 58, 56, 56, 56, 58, 60, 64, 68, 73, -1, -1, -1, -1, -1, -1, -1, -1, 114, 118, 119, 120, 120, 119, 117, 114, 111, 107, 102, 97, 91],
[89, 83, 78, 73, 68, 64, 62, 60, 58, 58, 60, 62, 66, 70, 75, -1, -1, -1, -1, -1, -1, -1, -1, 118, 120, 122, 123, 123, 122, 120, 117, 113, 109, 104, 99, 94],
[91, 86, 80, 75, 71, 66, 64, 62, 60, 60, 62, 64, 68, 73, 76, 83, -1, -1, -1, -1, -1, -1, -1, 120, 123, 124, 125, 125, 124, 122, 120, 116, 112, 108, 102, 97],
[94, 89, 83, 78, 73, 70, 66, 64, 64, 64, 64, 68, 71, 75, 80, 84, -1, -1, -1, -1, -1, -1, 120, 123, 125, 127, 128, 128, 127, 125, 122, 119, 114, 110, 104, 99],
[97, 91, 86, 80, 76, 71, 68, 66, 66, 66, 68, 70, 73, 78, 83, 87, -1, -1, -1, -1, -1, -1, 122, 125, 128, 130, 130, 130, 129, 127, 125, 121, 117, 112, 108, 102],
[99, 93, 87, 83, 78, 75, 71, 70, 68, 68, 70, 73, 76, 80, 84, 90, -1, -1, -1, -1, -1, -1, 125, 128, 131, 132, 133, 133, 132, 130, 127, 124, 120, 114, 110, 104],
[102, 95, 90, 86, 81, 76, 73, 71, 71, 71, 73, 75, 78, 83, 87, 93, -1, -1, -1, -1, -1, -1, 127, 131, 133, 135, 136, 136, 135, 133, 130, 126, 122, 118, 112, 107],
[104, 98, 93, 89, 83, 80, 76, 75, 73, 73, 75, 78, 81, 86, 90, 95, 100, -1, -1, -1, -1, -1, 130, 134, 136, 138, 138, 138, 138, 136, 133, 129, 125, 120, 114, 110],
[107, 100, 95, 90, 86, 83, 80, 76, 76, 76, 78, 80, 84, 87, 93, 98, 103, -1, -1, -1, -1, 129, 133, 136, 138, 140, 141, 141, 140, 138, 136, 132, 128, 123, 118, 112],
[109, 104, 98, 93, 89, 84, 81, 80, 78, 80, 80, 83, 86, 90, 95, 100, 105, -1, -1, -1, -1, 132, 136, 138, 141, 143, 144, 144, 143, 141, 138, 135, 130, 126, 120, 114],
[112, 107, 100, 95, 91, 87, 84, 83, 81, 81, 83, 86, 89, 93, 98, 103, 108, 113, -1, -1, -1, 134, 138, 141, 144, 146, 147, 147, 146, 144, 141, 138, 133, 128, 123, 118],
[114, 109, 103, 98, 94, 90, 87, 84, 84, 84, 86, 89, 91, 95, 100, 105, 111, 117, -1, -1, 132, 137, 141, 145, 147, 149, 150, 150, 148, 147, 144, 140, 136, 131, 126, 120],
[118, 111, 107, 100, 97, 93, 90, 87, 87, 87, 89, 91, 94, 98, 103, 108, 113, 119, 125, 130, 135, 139, 144, 147, 150, 152, 152, 152, 152, 149, 147, 143, 138, 134, 128, 123],
[120, 114, 109, 104, 99, 95, 93, 90, 90, 90, 91, 94, 97, 100, 105, 111, 117, 122, 127, 133, 138, 143, 147, 150, 152, 154, 155, 155, 154, 152, 149, 146, 141, 137, 131, 126],
[123, 117, 111, 107, 102, 98, 95, 93, 93, 93, 94, 97, 99, 104, 109, 113, 119, 125, 130, 136, 140, 146, 150, 153, 156, 157, 158, 158, 157, 155, 152, 148, 144, 139, 134, 128],
[125, 120, 114, 109, 104, 100, 98, 95, 95, 95, 97, 99, 102, 107, 111, 117, 122, 127, 133, 138, 144, 148, 152, 156, 158, 161, 161, 161, 160, 158, 155, 152, 147, 142, 137, 131],
[128, 123, 117, 112, 108, 103, 100, 98, 98, 98, 99, 102, 105, 109, 113, 119, 124, 130, 136, 141, 147, 151, 155, 159, 161, 163, 164, 164, 163, 161, 158, 154, 150, 145, 139, 134],
[131, 125, 120, 114, 110, 107, 103, 102, 100, 100, 102, 104, 108, 112, 117, 122, 127, 133, 138, 144, 149, 154, 158, 161, 165, 166, 167, 167, 166, 164, 161, 157, 152, 148, 142, 137]
],
"lumContrast":[0.017864420563, 0.028716559816, 0.044565462759, 0.066807201269, 0.096800484586, 0.135666060946, 0.184060125347, 0.241963652223, 0.308537538726, 0.382088577811, 0.460172162723, 0.539827837277, 0.617911422189, 0.691462461274, 0.758036347777, 0.815939874653, 0.864333939054, 0.903199515414, 0.933192798731, 0.955434537241, 0.971283440184, 0.982135579437]
}]