[{
"imageFolderIndex":6,
"calibname":"curiosity_RGB.txt",
"grey":[203, 204, 202],
"red":[
[170, 169, 167, 163, 160, 154, 148, 141, 133, 124, 115, 104, 94, 80, 68, 51, 29, -1, -1, -1, -1, 29, 48, 68, 82, 97, 110, 122, 133, 142, 150, 157, 162, 166, 169, 170],
[176, 175, 172, 170, 165, 160, 154, 147, 139, 130, 120, 110, 98, 86, 74, 60, 44, 22, -1, -1, 22, 40, 57, 74, 89, 103, 115, 128, 139, 148, 155, 163, 168, 172, 175, 176],
[182, 180, 178, 175, 170, 165, 159, 152, 144, 135, 126, 115, 104, 92, 80, 65, 51, 40, 29, 29, 35, 51, 65, 80, 94, 108, 121, 133, 143, 153, 161, 168, 173, 177, 180, 181],
[186, 186, 184, 180, 175, 170, 164, 157, 149, 140, 131, 120, 109, 97, 86, 72, 60, 48, 40, 40, 48, 57, 72, 86, 100, 113, 126, 138, 149, 158, 166, 172, 178, 182, 185, 186],
[191, 191, 188, 185, 181, 175, 169, 162, 154, 145, 135, 124, 114, 103, 91, 78, 65, 57, 51, 48, 55, 65, 78, 92, 105, 118, 131, 142, 153, 163, 171, 177, 183, 187, 190, 191],
[196, 195, 193, 190, 186, 180, 174, 167, 158, 150, 140, 130, 119, 107, 95, 84, 72, 63, 57, 57, 63, 72, 84, 97, 110, 123, 136, 147, 158, 167, 175, 182, 188, 192, 195, 196],
[201, 200, 198, 195, 190, 184, 178, 171, 163, 154, 144, 134, 122, 112, 100, 89, 78, 70, 65, 63, 70, 78, 89, 101, 114, 128, 140, 151, 162, 172, 180, 187, 192, 196, 199, 201],
[205, 204, 202, 199, 195, 189, 182, 175, 167, 158, 148, 138, 127, 115, 104, 94, 84, 74, 70, 70, 74, 84, 94, 107, 119, 132, 144, 155, 167, 176, 184, 191, 196, 201, 204, 205],
[210, 209, 207, 203, 199, 193, 187, 180, 171, 162, 152, 141, 131, 120, 109, 98, 89, 80, 76, 76, 80, 89, 98, 110, 123, 136, 148, 160, 170, 180, 188, 195, 201, 205, 208, 209],
[214, 213, 211, 207, 203, 197, 191, 184, 175, 166, 156, 146, 135, 124, 113, 103, 92, 86, 82, 82, 86, 94, 104, 115, 128, 140, 152, 163, 175, 184, 192, 199, 205, 209, 212, 214],
[218, 217, 215, 212, 207, 201, 195, 188, 179, 170, 160, 150, 139, 128, 117, 107, 97, 91, 86, 86, 91, 98, 108, 119, 132, 144, 156, 167, 178, 188, 196, 203, 209, 213, 216, 218],
[222, 221, 219, 216, 211, 205, 199, 191, 183, 174, 163, 154, 142, 132, 121, 110, 101, 95, 91, 91, 95, 103, 112, 123, 136, 148, 160, 171, 182, 191, 200, 207, 213, 217, 220, 222],
[226, 225, 223, 219, 215, 209, 202, 195, 186, 177, 167, 157, 146, 136, 124, 114, 105, 100, 95, 95, 100, 107, 115, 127, 139, 151, 163, 175, 186, 195, 204, 211, 217, 221, 224, 226],
[230, 229, 226, 223, 218, 213, 206, 198, 190, 181, 171, 160, 150, 139, 129, 119, 109, 103, 100, 100, 104, 110, 120, 131, 142, 155, 167, 178, 189, 199, 207, 215, 220, 225, 228, 229],
[233, 232, 230, 227, 222, 216, 209, 202, 193, 184, 175, 164, 153, 142, 132, 122, 113, 107, 104, 104, 108, 114, 123, 135, 146, 159, 170, 182, 193, 202, 211, 218, 224, 228, 231, 233],
[237, 236, 234, 230, 226, 220, 213, 205, 197, 188, 178, 167, 156, 146, 136, 126, 118, 110, 108, 108, 112, 118, 128, 138, 150, 162, 174, 186, 196, 205, 214, 222, 227, 232, 235, 237],
[241, 239, 237, 234, 229, 223, 217, 209, 200, 191, 181, 171, 160, 150, 139, 129, 121, 114, 112, 112, 115, 121, 131, 141, 153, 165, 177, 189, 199, 209, 218, 225, 231, 235, 238, 240],
[244, 243, 241, 237, 232, 227, 220, 212, 204, 194, 184, 174, 163, 152, 142, 133, 124, 118, 115, 115, 119, 126, 134, 145, 156, 169, 180, 192, 202, 212, 221, 228, 234, 239, 242, 244],
[247, 246, 244, 240, 236, 230, 223, 216, 207, 198, 188, 177, 167, 155, 145, 136, 128, 122, 119, 119, 122, 129, 138, 148, 160, 172, 184, 195, 206, 216, 224, 231, 237, 242, 245, 247],
[250, 250, 247, 244, 239, 233, 226, 218, 210, 201, 191, 180, 170, 159, 149, 139, 131, 126, 122, 122, 126, 132, 141, 151, 163, 175, 187, 198, 209, 219, 227, 234, 241, 245, 248, 250],
[254, 253, 250, 247, 242, 236, 229, 222, 213, 204, 193, 183, 172, 162, 151, 142, 134, 129, 126, 126, 129, 136, 144, 155, 166, 178, 190, 201, 212, 222, 230, 238, 244, 248, 251, 253]
],
"green":[
[113, 113, 114, 117, 118, 120, 122, 125, 126, 128, 130, 132, 133, 135, 136, 137, 137, -1, -1, -1, -1, 135, 134, 132, 130, 128, 125, 122, 120, 118, 115, 114, 113, 112, 112, 112],
[118, 119, 120, 121, 124, 126, 128, 130, 132, 134, 135, 137, 139, 140, 141, 142, 143, 143, -1, -1, 142, 141, 139, 137, 135, 133, 130, 128, 126, 124, 121, 120, 118, 118, 117, 118],
[122, 124, 126, 127, 129, 131, 133, 135, 137, 139, 141, 143, 144, 145, 146, 147, 148, 148, 148, 147, 147, 145, 145, 143, 140, 138, 136, 133, 131, 129, 127, 125, 124, 122, 122, 122],
[128, 129, 130, 132, 133, 135, 137, 140, 142, 144, 145, 147, 149, 150, 152, 152, 152, 153, 153, 152, 152, 151, 149, 147, 145, 143, 141, 138, 136, 133, 131, 130, 128, 128, 127, 127],
[133, 133, 135, 136, 138, 140, 142, 145, 146, 148, 150, 152, 153, 155, 156, 157, 157, 157, 157, 157, 157, 155, 154, 152, 150, 147, 145, 143, 140, 138, 136, 134, 133, 132, 132, 132],
[137, 138, 139, 141, 143, 145, 146, 149, 151, 152, 155, 157, 158, 160, 161, 161, 162, 162, 162, 161, 161, 160, 158, 157, 154, 152, 150, 147, 145, 143, 141, 139, 138, 137, 136, 136],
[142, 143, 144, 145, 147, 149, 151, 153, 155, 157, 159, 161, 162, 164, 165, 166, 166, 167, 167, 166, 165, 164, 162, 161, 159, 157, 154, 152, 149, 147, 145, 144, 142, 141, 141, 141],
[145, 146, 148, 149, 151, 153, 155, 157, 159, 161, 163, 165, 167, 168, 169, 170, 171, 171, 171, 171, 169, 168, 167, 165, 163, 161, 158, 156, 153, 151, 149, 147, 146, 145, 145, 145],
[150, 151, 152, 153, 155, 157, 159, 161, 163, 165, 168, 169, 171, 172, 173, 174, 175, 175, 175, 174, 173, 172, 171, 169, 167, 165, 162, 160, 157, 155, 153, 152, 150, 149, 149, 149],
[153, 154, 156, 157, 159, 161, 163, 165, 168, 169, 171, 173, 175, 176, 177, 178, 178, 179, 179, 178, 178, 176, 175, 173, 171, 168, 166, 164, 161, 159, 157, 156, 154, 153, 153, 153],
[157, 158, 160, 161, 163, 165, 167, 169, 171, 173, 175, 177, 178, 180, 181, 182, 183, 183, 183, 182, 181, 180, 178, 177, 175, 172, 170, 168, 165, 163, 161, 159, 158, 157, 157, 157],
[161, 162, 163, 165, 167, 168, 171, 173, 175, 177, 179, 180, 183, 184, 185, 186, 186, 186, 186, 186, 185, 184, 183, 180, 178, 176, 173, 171, 169, 167, 165, 163, 161, 161, 161, 161],
[165, 165, 167, 168, 170, 172, 174, 176, 178, 180, 183, 185, 186, 187, 188, 189, 190, 190, 190, 190, 188, 187, 186, 184, 182, 180, 177, 175, 173, 171, 168, 167, 165, 165, 164, 164],
[168, 169, 171, 172, 173, 176, 178, 180, 182, 184, 186, 188, 189, 191, 192, 193, 193, 193, 193, 193, 192, 191, 189, 188, 185, 183, 180, 178, 176, 173, 172, 170, 169, 168, 168, 168],
[171, 173, 173, 175, 177, 179, 181, 183, 185, 187, 189, 191, 193, 194, 195, 196, 197, 197, 197, 197, 195, 194, 193, 191, 189, 186, 184, 182, 179, 177, 175, 173, 172, 171, 171, 171],
[175, 176, 177, 178, 180, 183, 185, 186, 188, 191, 193, 195, 196, 198, 199, 200, 200, 200, 200, 200, 199, 198, 196, 194, 192, 190, 188, 185, 183, 180, 178, 177, 176, 175, 174, 174],
[178, 179, 180, 182, 184, 186, 188, 190, 192, 194, 196, 198, 200, 201, 202, 203, 203, 204, 204, 203, 202, 201, 200, 198, 195, 193, 191, 188, 186, 184, 182, 180, 179, 178, 178, 178],
[181, 183, 183, 185, 186, 188, 191, 193, 195, 197, 199, 201, 203, 204, 205, 206, 207, 207, 207, 206, 205, 204, 203, 201, 198, 197, 194, 192, 189, 187, 185, 183, 182, 181, 180, 181],
[185, 185, 186, 188, 190, 192, 194, 196, 198, 200, 203, 204, 206, 207, 208, 209, 210, 210, 210, 209, 208, 207, 205, 204, 202, 200, 197, 195, 192, 190, 188, 186, 185, 185, 184, 184],
[188, 188, 190, 191, 193, 195, 197, 199, 201, 203, 205, 207, 209, 210, 212, 212, 213, 213, 213, 212, 212, 211, 209, 207, 205, 203, 200, 198, 195, 193, 191, 190, 188, 187, 187, 187],
[190, 192, 193, 194, 196, 198, 200, 202, 204, 207, 208, 210, 212, 213, 214, 215, 216, 216, 216, 215, 214, 213, 212, 210, 208, 205, 203, 201, 198, 196, 194, 192, 191, 190, 190, 190]
],
"blue":[
[118, 112, 106, 102, 96, 93, 90, 87, 87, 87, 88, 90, 95, 99, 103, 108, 114, -1, -1, -1, -1, 139, 143, 147, 149, 151, 152, 152, 150, 148, 146, 142, 139, 134, 129, 123],
[123, 118, 112, 107, 102, 97, 95, 93, 91, 91, 93, 96, 99, 104, 108, 114, 119, 124, -1, -1, 140, 145, 149, 152, 154, 156, 157, 157, 156, 154, 152, 148, 144, 139, 134, 129],
[129, 122, 117, 112, 107, 103, 100, 97, 97, 97, 99, 102, 104, 109, 114, 119, 124, 130, 136, 140, 146, 150, 154, 158, 160, 162, 162, 162, 162, 159, 157, 154, 149, 144, 139, 134],
[133, 128, 122, 117, 112, 108, 106, 103, 102, 103, 104, 107, 109, 114, 119, 124, 130, 135, 140, 146, 151, 155, 159, 162, 165, 167, 168, 168, 166, 165, 162, 159, 154, 149, 144, 139],
[138, 133, 127, 121, 117, 113, 109, 108, 107, 107, 108, 111, 114, 119, 123, 129, 135, 139, 145, 151, 155, 160, 164, 168, 170, 172, 172, 172, 172, 169, 167, 163, 159, 154, 149, 143],
[142, 137, 132, 127, 121, 118, 114, 113, 112, 112, 113, 116, 119, 123, 129, 134, 139, 144, 150, 155, 160, 165, 169, 172, 174, 177, 177, 177, 176, 174, 172, 168, 164, 159, 154, 148],
[147, 141, 136, 131, 126, 122, 119, 117, 117, 117, 118, 120, 123, 128, 133, 138, 143, 148, 154, 160, 165, 169, 173, 177, 179, 181, 181, 181, 181, 179, 176, 172, 168, 163, 159, 153],
[151, 146, 140, 135, 131, 127, 123, 121, 120, 121, 122, 124, 128, 132, 137, 142, 148, 153, 159, 164, 169, 174, 178, 181, 183, 185, 186, 186, 185, 183, 180, 177, 172, 168, 162, 157],
[155, 149, 144, 139, 135, 131, 128, 126, 124, 124, 127, 129, 132, 137, 141, 146, 152, 157, 162, 169, 173, 178, 182, 185, 187, 189, 190, 190, 189, 187, 184, 181, 177, 172, 166, 161],
[159, 154, 148, 143, 139, 135, 132, 130, 129, 129, 131, 133, 136, 140, 145, 150, 155, 161, 167, 172, 177, 182, 186, 189, 192, 193, 195, 195, 193, 191, 189, 185, 181, 176, 171, 165],
[163, 158, 152, 147, 142, 139, 136, 134, 133, 133, 135, 137, 140, 144, 148, 154, 159, 166, 171, 176, 181, 186, 190, 193, 196, 198, 198, 198, 197, 195, 193, 189, 185, 180, 174, 169],
[167, 162, 156, 151, 146, 142, 139, 138, 137, 137, 138, 140, 144, 148, 153, 158, 163, 169, 174, 180, 185, 189, 194, 197, 200, 201, 203, 202, 201, 199, 196, 193, 189, 183, 179, 173],
[171, 165, 159, 154, 150, 146, 143, 141, 140, 140, 141, 144, 148, 152, 156, 162, 167, 173, 178, 183, 189, 193, 198, 201, 204, 205, 206, 206, 205, 203, 200, 196, 192, 187, 182, 177],
[174, 169, 163, 158, 154, 149, 147, 145, 144, 144, 145, 148, 151, 155, 160, 165, 171, 177, 182, 187, 193, 197, 201, 204, 207, 209, 210, 210, 208, 207, 204, 200, 196, 191, 185, 180],
[178, 172, 166, 162, 157, 153, 150, 148, 148, 148, 148, 151, 154, 159, 163, 169, 174, 180, 185, 191, 196, 201, 205, 208, 211, 212, 214, 213, 212, 210, 207, 204, 200, 195, 189, 183],
[181, 176, 170, 165, 160, 156, 154, 152, 150, 151, 152, 154, 158, 162, 167, 172, 177, 183, 189, 195, 200, 204, 208, 212, 214, 216, 217, 217, 216, 214, 211, 207, 203, 198, 193, 187],
[185, 179, 174, 169, 164, 160, 157, 154, 154, 154, 155, 158, 161, 166, 170, 175, 181, 187, 192, 198, 203, 208, 212, 215, 218, 220, 220, 220, 219, 217, 214, 211, 206, 201, 196, 191],
[188, 182, 177, 172, 167, 163, 160, 159, 157, 158, 159, 161, 165, 169, 174, 179, 184, 190, 196, 201, 206, 211, 215, 219, 221, 223, 223, 223, 222, 221, 218, 214, 210, 205, 200, 194],
[191, 185, 180, 174, 170, 166, 163, 162, 160, 161, 162, 164, 168, 172, 177, 182, 187, 193, 199, 204, 210, 214, 219, 222, 225, 226, 227, 227, 226, 224, 221, 218, 213, 208, 203, 197],
[195, 189, 183, 178, 173, 169, 166, 165, 163, 164, 165, 168, 171, 175, 180, 185, 191, 196, 202, 207, 212, 218, 221, 225, 228, 229, 230, 230, 229, 227, 224, 221, 216, 211, 206, 200],
[198, 191, 186, 181, 177, 172, 169, 168, 166, 167, 169, 171, 174, 178, 183, 188, 194, 200, 205, 211, 216, 221, 225, 228, 231, 232, 233, 233, 232, 230, 227, 223, 219, 214, 209, 203]
],
"lumContrast":[0.017864420563, 0.028716559816, 0.044565462759, 0.066807201269, 0.096800484586, 0.135666060946, 0.184060125347, 0.241963652223, 0.308537538726, 0.382088577811, 0.460172162723, 0.539827837277, 0.617911422189, 0.691462461274, 0.758036347777, 0.815939874653, 0.864333939054, 0.903199515414, 0.933192798731, 0.955434537241, 0.971283440184, 0.982135579437]
}]