[{
"imageFolderIndex":17,
"calibname":"discovery_RGB.txt",
"grey":[163, 169, 165],
"red":[
[157, 156, 153, 150, 146, 140, 134, 127, 119, 110, 101, 92, 80, 70, 57, 45, 34, 21, 15, 15, 21, 34, 48, 61, 74, 86, 98, 110, 120, 129, 138, 144, 149, 153, 156, 157],
[163, 162, 160, 156, 152, 146, 139, 133, 124, 116, 107, 97, 86, 75, 65, 53, 43, 34, 26, 26, 34, 43, 55, 67, 80, 93, 104, 116, 126, 135, 143, 150, 155, 159, 161, 163],
[169, 168, 165, 162, 157, 152, 146, 138, 130, 121, 112, 102, 92, 80, 70, 59, 48, 40, 37, 37, 40, 50, 61, 74, 86, 98, 110, 121, 131, 140, 149, 156, 161, 165, 168, 169],
[174, 174, 171, 168, 163, 157, 151, 143, 136, 126, 117, 107, 97, 86, 75, 65, 55, 48, 43, 43, 48, 57, 67, 79, 90, 103, 115, 126, 137, 146, 154, 161, 167, 171, 174, 174],
[180, 179, 177, 173, 168, 163, 156, 148, 140, 131, 122, 112, 102, 90, 80, 70, 61, 53, 50, 50, 55, 61, 72, 83, 96, 108, 120, 131, 142, 151, 159, 166, 172, 176, 179, 180],
[186, 184, 182, 178, 174, 168, 161, 153, 146, 137, 127, 117, 107, 96, 85, 75, 67, 59, 55, 55, 59, 67, 77, 89, 101, 112, 125, 136, 146, 156, 165, 171, 177, 181, 184, 186],
[191, 189, 187, 183, 179, 173, 166, 158, 150, 141, 131, 121, 110, 101, 90, 80, 72, 65, 61, 61, 65, 72, 83, 93, 105, 118, 129, 140, 152, 161, 169, 177, 182, 187, 189, 191],
[196, 195, 192, 189, 184, 177, 171, 163, 155, 146, 136, 125, 115, 104, 94, 85, 77, 70, 67, 67, 70, 79, 87, 98, 110, 122, 134, 146, 156, 165, 174, 181, 187, 191, 194, 195],
[201, 199, 197, 193, 188, 182, 175, 168, 159, 150, 140, 130, 119, 109, 98, 89, 82, 75, 72, 72, 75, 83, 92, 103, 115, 126, 138, 150, 161, 170, 179, 186, 191, 196, 199, 201],
[205, 204, 201, 198, 193, 187, 180, 172, 164, 154, 144, 134, 123, 113, 103, 93, 86, 80, 77, 77, 80, 87, 97, 107, 119, 131, 142, 154, 165, 174, 183, 190, 196, 201, 204, 205],
[209, 209, 206, 202, 197, 191, 184, 177, 168, 158, 148, 138, 127, 117, 107, 98, 90, 85, 82, 82, 85, 92, 101, 111, 123, 135, 146, 158, 169, 179, 187, 195, 201, 205, 208, 209],
[214, 213, 211, 206, 202, 195, 189, 180, 172, 162, 152, 142, 132, 121, 111, 102, 94, 89, 85, 86, 89, 96, 104, 116, 127, 138, 151, 162, 173, 183, 191, 199, 205, 209, 212, 214],
[219, 217, 215, 211, 206, 200, 193, 184, 176, 166, 157, 146, 136, 125, 115, 105, 98, 93, 89, 90, 93, 99, 109, 119, 131, 143, 155, 166, 177, 187, 195, 203, 209, 214, 217, 219],
[223, 221, 219, 215, 210, 204, 197, 189, 179, 170, 160, 150, 139, 129, 119, 109, 102, 97, 93, 94, 97, 104, 112, 123, 135, 146, 158, 170, 181, 191, 200, 207, 213, 218, 221, 223],
[227, 226, 223, 219, 214, 208, 201, 193, 184, 174, 164, 153, 143, 132, 122, 113, 105, 101, 98, 98, 102, 108, 117, 127, 138, 150, 162, 174, 184, 195, 204, 211, 217, 222, 225, 227],
[231, 230, 227, 223, 218, 212, 204, 197, 187, 178, 168, 157, 146, 136, 126, 117, 109, 104, 102, 102, 105, 111, 120, 131, 142, 154, 166, 177, 189, 199, 208, 215, 221, 226, 229, 231],
[235, 234, 231, 227, 222, 216, 208, 200, 191, 182, 171, 161, 150, 139, 129, 121, 113, 108, 105, 105, 109, 116, 124, 134, 146, 157, 170, 181, 192, 202, 211, 219, 225, 230, 233, 235],
[239, 237, 235, 231, 226, 220, 212, 204, 195, 185, 174, 164, 153, 143, 133, 124, 117, 111, 109, 109, 112, 119, 128, 138, 149, 161, 173, 185, 196, 206, 215, 223, 229, 234, 237, 239],
[243, 241, 239, 235, 230, 223, 216, 208, 199, 189, 178, 168, 157, 146, 137, 127, 120, 115, 112, 112, 117, 123, 131, 141, 152, 165, 177, 189, 199, 209, 219, 226, 232, 237, 241, 242],
[247, 245, 242, 239, 234, 227, 220, 211, 202, 192, 182, 171, 160, 150, 139, 131, 124, 119, 116, 117, 120, 126, 135, 145, 156, 168, 180, 192, 203, 213, 222, 230, 236, 241, 244, 246],
[250, 249, 246, 242, 237, 231, 223, 214, 205, 195, 185, 174, 164, 153, 143, 134, 127, 122, 119, 120, 123, 129, 138, 148, 160, 171, 184, 195, 206, 217, 226, 234, 240, 244, 248, 250]
],
"green":[
[103, 104, 105, 108, 109, 112, 114, 116, 118, 121, 122, 124, 126, 127, 128, 129, 130, 130, 130, 129, 128, 127, 126, 124, 122, 118, 116, 114, 112, 109, 107, 105, 104, 103, 103, 103],
[109, 110, 112, 113, 115, 117, 120, 122, 124, 126, 128, 130, 131, 133, 134, 135, 135, 136, 135, 135, 134, 133, 131, 129, 127, 125, 122, 120, 117, 114, 113, 110, 109, 108, 108, 108],
[114, 115, 116, 118, 121, 123, 125, 127, 129, 131, 133, 135, 137, 138, 139, 140, 141, 141, 141, 141, 140, 138, 137, 135, 132, 130, 127, 125, 122, 120, 117, 116, 115, 114, 114, 114],
[120, 121, 122, 124, 125, 128, 130, 132, 134, 136, 138, 140, 141, 143, 144, 145, 146, 146, 146, 145, 144, 143, 141, 140, 138, 135, 132, 130, 127, 125, 123, 121, 120, 118, 118, 118],
[124, 125, 127, 128, 130, 132, 135, 137, 139, 141, 143, 145, 147, 148, 149, 150, 150, 151, 150, 150, 149, 148, 146, 144, 142, 140, 137, 135, 132, 130, 128, 126, 125, 124, 124, 124],
[129, 130, 131, 133, 135, 137, 140, 141, 143, 146, 148, 149, 151, 153, 154, 154, 155, 155, 155, 155, 154, 153, 151, 149, 147, 144, 141, 140, 137, 134, 132, 131, 129, 128, 128, 128],
[133, 134, 136, 138, 140, 141, 143, 146, 149, 150, 152, 154, 156, 158, 158, 159, 160, 160, 160, 159, 158, 157, 155, 154, 151, 149, 147, 144, 141, 139, 137, 135, 134, 133, 133, 133],
[138, 139, 141, 141, 144, 146, 148, 150, 153, 154, 157, 158, 160, 162, 163, 164, 164, 165, 164, 164, 163, 162, 160, 158, 156, 154, 151, 149, 146, 143, 141, 140, 138, 138, 137, 137],
[141, 143, 144, 146, 148, 150, 152, 154, 157, 159, 161, 163, 165, 166, 167, 168, 169, 169, 169, 168, 167, 166, 164, 162, 160, 158, 155, 153, 150, 148, 145, 143, 142, 141, 141, 141],
[146, 147, 149, 150, 152, 154, 156, 158, 161, 163, 165, 167, 169, 170, 172, 172, 173, 173, 173, 172, 172, 170, 169, 166, 164, 162, 159, 156, 154, 152, 149, 148, 147, 146, 145, 145],
[150, 151, 152, 154, 156, 158, 160, 162, 165, 167, 169, 171, 173, 174, 175, 177, 177, 177, 177, 177, 175, 174, 172, 170, 168, 166, 163, 160, 158, 155, 154, 152, 150, 149, 149, 149],
[154, 154, 156, 158, 160, 162, 164, 166, 169, 171, 173, 175, 177, 178, 179, 180, 181, 181, 181, 180, 179, 178, 176, 174, 172, 169, 167, 164, 162, 159, 158, 155, 154, 154, 153, 154],
[158, 158, 160, 162, 163, 166, 168, 170, 172, 174, 177, 179, 181, 182, 183, 184, 185, 185, 185, 184, 183, 182, 180, 178, 176, 173, 171, 168, 166, 163, 161, 159, 158, 157, 157, 157],
[161, 162, 164, 166, 167, 169, 172, 174, 176, 179, 181, 182, 184, 186, 187, 188, 188, 188, 188, 188, 187, 186, 184, 182, 179, 177, 174, 172, 169, 167, 165, 163, 162, 161, 161, 161],
[165, 166, 167, 169, 171, 173, 175, 177, 180, 182, 184, 186, 188, 190, 191, 192, 192, 192, 192, 192, 190, 189, 188, 186, 183, 181, 178, 175, 173, 171, 169, 167, 166, 165, 164, 164],
[169, 169, 171, 172, 174, 177, 179, 181, 184, 186, 188, 190, 192, 193, 194, 195, 195, 196, 195, 195, 194, 193, 191, 189, 187, 184, 182, 179, 177, 174, 172, 170, 169, 168, 168, 168],
[172, 173, 174, 176, 178, 180, 182, 184, 187, 189, 192, 194, 195, 197, 198, 199, 199, 199, 199, 199, 197, 196, 194, 192, 190, 188, 185, 182, 180, 177, 175, 174, 172, 172, 171, 172],
[175, 176, 177, 179, 182, 184, 186, 188, 190, 192, 195, 197, 199, 200, 201, 202, 202, 203, 202, 202, 201, 200, 198, 196, 194, 191, 188, 186, 184, 181, 179, 177, 176, 175, 174, 174],
[179, 179, 181, 182, 184, 187, 189, 192, 194, 196, 198, 200, 202, 204, 205, 205, 206, 206, 206, 205, 204, 203, 201, 199, 197, 194, 192, 189, 186, 184, 182, 180, 179, 178, 178, 178],
[182, 183, 184, 186, 188, 190, 192, 195, 197, 199, 201, 204, 205, 207, 208, 209, 210, 210, 210, 209, 208, 207, 205, 202, 200, 197, 195, 192, 190, 188, 186, 184, 182, 182, 181, 181],
[185, 186, 187, 189, 191, 193, 195, 198, 200, 202, 205, 207, 208, 210, 211, 212, 213, 213, 213, 212, 211, 210, 208, 206, 204, 201, 198, 195, 193, 191, 188, 187, 186, 184, 184, 184]
],
"blue":[
[109, 103, 97, 91, 87, 83, 79, 76, 76, 76, 78, 81, 84, 88, 94, 99, 104, 110, 116, 122, 127, 132, 136, 140, 142, 144, 145, 145, 143, 142, 139, 135, 130, 125, 120, 115],
[115, 108, 103, 97, 93, 88, 84, 83, 81, 81, 83, 86, 90, 94, 99, 104, 110, 116, 122, 127, 133, 138, 142, 145, 148, 149, 151, 150, 149, 148, 145, 141, 137, 131, 126, 120],
[119, 114, 108, 102, 98, 93, 90, 88, 87, 87, 88, 91, 95, 99, 104, 110, 116, 121, 127, 133, 138, 143, 148, 151, 154, 155, 156, 156, 155, 153, 150, 147, 142, 137, 131, 125],
[124, 119, 113, 108, 103, 98, 95, 93, 91, 93, 94, 97, 99, 104, 109, 115, 120, 126, 132, 138, 143, 149, 153, 156, 159, 161, 162, 162, 160, 159, 155, 152, 147, 142, 137, 130],
[129, 123, 118, 113, 108, 103, 101, 98, 97, 97, 98, 101, 104, 109, 114, 120, 125, 131, 137, 143, 149, 154, 158, 161, 164, 166, 167, 166, 166, 163, 161, 157, 152, 147, 142, 136],
[134, 128, 122, 117, 113, 108, 104, 103, 102, 102, 103, 106, 109, 114, 119, 124, 130, 136, 142, 148, 154, 159, 163, 166, 169, 171, 172, 172, 171, 169, 166, 162, 157, 152, 147, 141],
[139, 133, 127, 121, 117, 113, 109, 107, 106, 107, 108, 110, 114, 118, 123, 129, 135, 141, 147, 153, 158, 163, 167, 171, 174, 175, 177, 177, 175, 173, 170, 166, 162, 157, 151, 145],
[143, 137, 131, 126, 121, 117, 114, 111, 110, 110, 113, 115, 118, 122, 127, 133, 139, 145, 151, 157, 163, 168, 172, 175, 178, 180, 181, 181, 180, 178, 175, 171, 166, 161, 155, 149],
[148, 142, 136, 130, 125, 121, 118, 116, 115, 115, 116, 119, 122, 127, 132, 138, 143, 149, 155, 162, 167, 172, 177, 180, 183, 185, 186, 186, 185, 183, 180, 175, 171, 166, 160, 154],
[152, 146, 140, 134, 129, 125, 122, 120, 119, 119, 120, 123, 126, 131, 136, 142, 148, 154, 160, 166, 172, 176, 181, 185, 187, 189, 190, 190, 189, 187, 184, 180, 175, 170, 164, 159],
[156, 150, 144, 139, 133, 129, 126, 124, 123, 123, 124, 127, 130, 135, 141, 146, 152, 158, 164, 170, 175, 180, 185, 189, 191, 193, 195, 194, 193, 191, 188, 184, 180, 174, 169, 163],
[160, 154, 148, 142, 137, 133, 130, 127, 126, 127, 128, 131, 134, 139, 144, 149, 156, 162, 168, 174, 180, 185, 189, 193, 196, 198, 199, 199, 197, 195, 192, 188, 184, 178, 172, 166],
[164, 158, 152, 146, 142, 137, 134, 131, 130, 130, 132, 135, 139, 142, 148, 154, 159, 166, 172, 178, 184, 189, 193, 197, 200, 202, 202, 202, 201, 199, 196, 192, 187, 183, 176, 170],
[168, 162, 155, 150, 145, 141, 137, 135, 134, 134, 136, 139, 142, 147, 152, 158, 163, 169, 176, 182, 187, 193, 197, 201, 204, 206, 207, 207, 206, 203, 200, 196, 191, 186, 180, 174],
[172, 166, 159, 154, 149, 144, 141, 139, 138, 138, 140, 142, 146, 150, 155, 161, 167, 173, 180, 186, 191, 197, 201, 205, 207, 210, 210, 210, 209, 207, 204, 200, 195, 190, 184, 178],
[175, 169, 163, 157, 152, 148, 144, 142, 142, 142, 143, 146, 149, 154, 159, 165, 171, 177, 183, 189, 195, 201, 205, 209, 212, 213, 215, 214, 213, 211, 208, 204, 199, 193, 188, 182],
[179, 172, 166, 161, 155, 151, 149, 146, 145, 145, 147, 149, 153, 158, 163, 169, 175, 180, 187, 193, 199, 204, 209, 212, 215, 217, 218, 218, 217, 215, 212, 207, 202, 197, 191, 185],
[183, 176, 170, 164, 159, 154, 152, 149, 149, 149, 150, 153, 156, 161, 166, 172, 178, 184, 191, 197, 202, 207, 212, 216, 219, 221, 222, 222, 221, 218, 215, 211, 206, 201, 195, 189],
[186, 180, 173, 168, 163, 159, 155, 153, 152, 152, 154, 156, 159, 164, 169, 175, 181, 187, 194, 200, 206, 211, 216, 219, 222, 225, 225, 225, 224, 222, 219, 215, 210, 204, 199, 192],
[189, 183, 177, 171, 166, 162, 159, 156, 155, 155, 157, 159, 163, 167, 172, 178, 185, 191, 197, 204, 209, 215, 219, 223, 226, 228, 229, 229, 227, 225, 222, 218, 213, 208, 202, 195],
[193, 186, 180, 174, 169, 165, 162, 159, 159, 159, 160, 163, 166, 171, 176, 182, 188, 195, 201, 207, 213, 218, 223, 226, 230, 231, 232, 232, 231, 229, 226, 222, 216, 211, 206, 199]
],
"lumContrast":[0.017864420563, 0.028716559816, 0.044565462759, 0.066807201269, 0.096800484586, 0.135666060946, 0.184060125347, 0.241963652223, 0.308537538726, 0.382088577811, 0.460172162723, 0.539827837277, 0.617911422189, 0.691462461274, 0.758036347777, 0.815939874653, 0.864333939054, 0.903199515414, 0.933192798731, 0.955434537241, 0.971283440184, 0.982135579437]
}]