[{
"imageFolderIndex":18,
"calibname":"sputnik_RGB.txt",
"grey":[170, 176, 167],
"red":[
[167, 166, 164, 161, 156, 151, 145, 137, 130, 120, 111, 99, 88, 76, 61, 47, 26, -1, -1, -1, -1, 19, 44, 61, 78, 92, 105, 118, 129, 138, 147, 153, 159, 163, 165, 167],
[173, 172, 170, 166, 162, 157, 150, 143, 135, 125, 116, 106, 94, 81, 68, 53, 37, 19, -1, -1, 0, 32, 50, 68, 83, 98, 111, 123, 134, 144, 152, 159, 165, 168, 171, 173],
[179, 178, 176, 172, 168, 162, 156, 148, 140, 132, 121, 111, 99, 88, 74, 61, 47, 32, 19, 19, 26, 44, 59, 74, 89, 103, 116, 129, 139, 149, 157, 165, 170, 174, 177, 179],
[184, 183, 181, 177, 173, 168, 161, 153, 146, 136, 127, 116, 105, 92, 79, 68, 53, 44, 32, 32, 41, 50, 66, 79, 94, 108, 121, 134, 144, 154, 162, 170, 175, 180, 183, 184],
[189, 188, 186, 183, 178, 173, 166, 158, 150, 141, 132, 120, 110, 98, 84, 72, 61, 50, 44, 44, 47, 59, 72, 86, 99, 113, 125, 138, 149, 159, 168, 174, 181, 185, 187, 189],
[195, 193, 191, 187, 183, 177, 171, 163, 155, 146, 136, 125, 113, 102, 91, 78, 68, 56, 50, 50, 56, 66, 78, 91, 105, 118, 131, 143, 153, 164, 172, 179, 185, 189, 193, 194],
[199, 198, 196, 193, 188, 182, 176, 168, 159, 150, 140, 130, 118, 107, 95, 83, 72, 63, 59, 59, 63, 72, 83, 95, 108, 122, 136, 147, 158, 168, 176, 184, 190, 195, 197, 199],
[204, 203, 201, 197, 193, 187, 180, 172, 164, 154, 145, 134, 122, 111, 99, 88, 78, 70, 63, 63, 68, 78, 88, 101, 113, 127, 139, 152, 162, 173, 181, 189, 195, 199, 202, 204],
[209, 207, 205, 201, 197, 191, 184, 176, 168, 159, 148, 138, 127, 116, 103, 92, 83, 74, 70, 70, 74, 83, 92, 105, 118, 131, 144, 156, 167, 176, 185, 193, 199, 203, 206, 208],
[213, 212, 209, 206, 201, 195, 189, 181, 172, 163, 153, 142, 131, 119, 108, 97, 88, 79, 76, 76, 79, 86, 97, 110, 122, 136, 147, 160, 171, 181, 189, 197, 203, 207, 211, 213],
[217, 216, 214, 210, 205, 200, 193, 185, 176, 167, 157, 146, 135, 123, 112, 101, 92, 84, 79, 79, 84, 91, 102, 113, 127, 139, 152, 164, 175, 185, 194, 201, 207, 212, 215, 217],
[221, 220, 218, 214, 209, 204, 196, 189, 180, 171, 161, 150, 138, 128, 116, 106, 97, 89, 84, 84, 89, 95, 106, 118, 131, 143, 156, 168, 179, 189, 198, 205, 211, 216, 219, 221],
[225, 224, 222, 218, 213, 207, 201, 193, 184, 174, 164, 153, 142, 131, 120, 110, 101, 94, 89, 89, 92, 101, 110, 121, 134, 147, 159, 171, 183, 193, 201, 209, 215, 220, 223, 225],
[229, 228, 225, 222, 217, 212, 204, 196, 187, 178, 168, 157, 146, 135, 123, 113, 105, 98, 94, 94, 97, 105, 114, 125, 137, 151, 163, 175, 186, 196, 205, 213, 219, 224, 227, 229],
[233, 232, 230, 226, 221, 215, 208, 200, 191, 182, 171, 161, 149, 138, 128, 117, 108, 101, 98, 98, 101, 108, 118, 130, 141, 154, 167, 179, 190, 200, 209, 217, 223, 228, 231, 232],
[236, 235, 233, 230, 225, 219, 212, 204, 195, 185, 175, 164, 153, 142, 131, 120, 112, 105, 102, 102, 105, 112, 121, 133, 145, 157, 170, 182, 193, 203, 213, 220, 227, 231, 234, 236],
[240, 239, 237, 233, 228, 222, 216, 207, 198, 189, 179, 168, 157, 145, 135, 124, 116, 108, 106, 106, 108, 116, 125, 136, 148, 161, 174, 185, 196, 207, 216, 224, 230, 235, 238, 240],
[244, 243, 240, 237, 232, 226, 219, 211, 201, 192, 181, 171, 160, 148, 137, 128, 119, 112, 110, 110, 112, 119, 129, 139, 152, 165, 177, 189, 200, 210, 219, 227, 233, 238, 241, 243],
[247, 246, 244, 240, 235, 229, 222, 214, 205, 195, 185, 174, 163, 152, 141, 131, 122, 117, 113, 113, 117, 123, 133, 143, 155, 168, 180, 192, 203, 214, 223, 230, 237, 241, 245, 247],
[251, 250, 247, 243, 239, 233, 225, 217, 208, 198, 188, 177, 166, 155, 144, 135, 125, 120, 117, 117, 120, 127, 136, 147, 158, 171, 183, 195, 207, 217, 226, 234, 240, 245, 248, 250],
[254, 253, 251, 247, 242, 236, 229, 221, 212, 201, 191, 181, 169, 158, 147, 137, 130, 123, 120, 120, 123, 130, 138, 150, 161, 174, 187, 198, 210, 220, 229, 237, 243, 248, 252, 254]
],
"green":[
[113, 114, 115, 116, 119, 121, 123, 125, 127, 129, 131, 133, 134, 136, 137, 138, 139, -1, -1, -1, -1, 136, 135, 133, 131, 129, 127, 123, 121, 119, 116, 115, 114, 113, 113, 113],
[119, 120, 121, 122, 125, 127, 128, 130, 132, 134, 136, 138, 140, 141, 143, 144, 144, 145, -1, -1, 143, 142, 140, 139, 136, 134, 132, 129, 127, 125, 122, 120, 119, 118, 118, 118],
[123, 125, 126, 128, 129, 131, 133, 135, 138, 140, 142, 144, 145, 146, 147, 148, 149, 149, 149, 149, 148, 147, 146, 144, 142, 139, 137, 134, 132, 130, 128, 126, 125, 123, 123, 123],
[129, 130, 131, 132, 134, 136, 138, 140, 143, 145, 146, 148, 150, 152, 153, 153, 154, 154, 154, 153, 153, 152, 150, 148, 146, 144, 142, 139, 137, 134, 132, 131, 129, 128, 128, 128],
[133, 134, 135, 137, 139, 141, 143, 145, 147, 149, 151, 153, 154, 156, 158, 158, 158, 159, 159, 158, 158, 157, 155, 153, 151, 149, 146, 144, 142, 139, 137, 135, 134, 133, 133, 133],
[138, 139, 140, 142, 144, 146, 147, 149, 152, 153, 156, 158, 159, 161, 162, 162, 163, 163, 163, 163, 162, 161, 159, 158, 156, 153, 151, 148, 146, 144, 142, 140, 138, 138, 137, 137],
[142, 143, 145, 146, 147, 150, 152, 154, 156, 158, 160, 162, 163, 165, 166, 167, 168, 168, 168, 167, 166, 165, 164, 162, 160, 158, 155, 153, 150, 148, 146, 144, 143, 142, 142, 142],
[146, 147, 148, 150, 152, 153, 156, 158, 160, 162, 164, 166, 168, 169, 170, 171, 171, 172, 172, 171, 171, 169, 168, 166, 164, 162, 159, 157, 154, 152, 150, 148, 147, 146, 146, 146],
[150, 151, 153, 154, 156, 158, 160, 162, 164, 166, 168, 170, 171, 173, 174, 175, 176, 176, 176, 176, 175, 174, 172, 170, 168, 165, 163, 161, 158, 156, 154, 153, 151, 150, 150, 150],
[154, 155, 156, 158, 160, 162, 164, 166, 168, 170, 172, 174, 176, 177, 178, 179, 180, 180, 180, 179, 178, 177, 176, 174, 172, 170, 167, 165, 162, 160, 158, 156, 155, 154, 153, 153],
[158, 159, 160, 162, 163, 165, 168, 170, 172, 174, 176, 178, 179, 181, 182, 183, 183, 184, 184, 183, 183, 181, 180, 178, 176, 174, 171, 168, 166, 164, 162, 160, 158, 158, 158, 158],
[162, 162, 164, 165, 167, 169, 171, 174, 176, 178, 179, 181, 183, 185, 186, 186, 187, 187, 187, 186, 186, 185, 183, 181, 179, 177, 174, 172, 170, 168, 165, 164, 162, 162, 161, 161],
[165, 166, 167, 169, 171, 173, 175, 177, 179, 181, 183, 185, 186, 188, 189, 190, 191, 191, 191, 190, 190, 188, 186, 185, 183, 181, 178, 176, 174, 171, 169, 167, 166, 165, 165, 165],
[168, 169, 171, 172, 174, 176, 178, 181, 183, 185, 186, 188, 190, 192, 193, 193, 194, 195, 194, 194, 193, 192, 190, 188, 186, 184, 182, 179, 177, 174, 173, 171, 169, 168, 168, 168],
[172, 173, 174, 176, 178, 179, 181, 184, 186, 188, 190, 192, 193, 195, 196, 197, 198, 198, 198, 197, 197, 195, 193, 192, 190, 187, 185, 183, 180, 178, 176, 174, 173, 172, 171, 171],
[175, 176, 177, 179, 181, 183, 185, 187, 189, 191, 193, 195, 197, 198, 200, 200, 201, 201, 201, 201, 200, 198, 197, 195, 193, 191, 188, 186, 183, 181, 179, 178, 176, 175, 175, 175],
[178, 179, 181, 182, 184, 186, 188, 190, 192, 195, 197, 198, 200, 201, 202, 204, 204, 204, 204, 204, 203, 202, 200, 198, 197, 194, 192, 189, 186, 185, 183, 181, 179, 178, 178, 178],
[182, 183, 184, 185, 187, 189, 191, 193, 195, 198, 200, 201, 203, 205, 206, 207, 207, 208, 208, 207, 206, 205, 204, 201, 200, 197, 195, 192, 190, 188, 186, 184, 183, 182, 181, 181],
[185, 186, 187, 188, 190, 192, 194, 197, 198, 201, 202, 205, 207, 208, 209, 210, 210, 210, 210, 210, 209, 208, 207, 205, 202, 200, 198, 195, 193, 191, 188, 187, 186, 185, 185, 185],
[188, 188, 190, 192, 193, 195, 197, 200, 202, 204, 206, 208, 209, 211, 212, 213, 214, 214, 214, 213, 212, 211, 209, 208, 205, 203, 201, 198, 196, 193, 192, 190, 188, 188, 187, 187],
[191, 192, 193, 194, 196, 198, 200, 202, 205, 207, 209, 210, 212, 214, 215, 216, 216, 217, 216, 216, 215, 214, 213, 210, 209, 206, 204, 201, 199, 197, 195, 193, 192, 191, 190, 190]
],
"blue":[
[112, 106, 101, 97, 93, 89, 86, 84, 82, 84, 84, 87, 90, 94, 98, 104, 109, -1, -1, -1, -1, 133, 137, 140, 143, 144, 145, 145, 144, 143, 140, 136, 132, 127, 123, 118],
[118, 112, 107, 102, 98, 94, 92, 90, 89, 89, 90, 93, 96, 100, 104, 109, 114, 119, -1, -1, 134, 139, 143, 146, 149, 150, 150, 150, 150, 148, 145, 142, 138, 133, 128, 123],
[123, 118, 112, 107, 104, 100, 97, 94, 94, 94, 96, 97, 101, 105, 110, 114, 119, 124, 130, 135, 140, 144, 148, 151, 154, 155, 156, 156, 155, 153, 150, 147, 143, 139, 133, 128],
[128, 123, 118, 112, 109, 105, 102, 100, 98, 100, 101, 102, 106, 110, 114, 119, 124, 129, 135, 140, 145, 150, 153, 156, 159, 160, 161, 161, 160, 159, 156, 152, 149, 143, 139, 133],
[133, 127, 122, 118, 113, 110, 106, 105, 104, 104, 105, 107, 111, 114, 119, 124, 129, 134, 140, 145, 150, 155, 158, 162, 164, 166, 166, 166, 166, 163, 161, 157, 153, 149, 143, 138],
[138, 132, 127, 122, 118, 114, 111, 110, 109, 109, 110, 112, 116, 119, 124, 128, 134, 139, 144, 150, 155, 159, 163, 166, 169, 170, 171, 171, 170, 168, 166, 162, 158, 154, 149, 143],
[143, 137, 131, 126, 122, 119, 116, 114, 113, 113, 114, 117, 120, 124, 128, 133, 139, 143, 150, 155, 159, 164, 168, 171, 173, 175, 176, 176, 175, 173, 170, 166, 163, 158, 153, 148],
[147, 141, 136, 131, 126, 123, 120, 119, 118, 118, 119, 121, 124, 128, 132, 138, 143, 149, 154, 159, 163, 168, 172, 175, 178, 180, 180, 180, 180, 178, 175, 171, 167, 163, 157, 152],
[151, 145, 140, 135, 131, 127, 124, 122, 122, 122, 123, 125, 128, 132, 137, 142, 147, 153, 158, 163, 168, 172, 177, 180, 182, 184, 185, 184, 184, 182, 179, 175, 172, 166, 162, 156],
[155, 150, 144, 139, 135, 131, 128, 126, 126, 126, 127, 129, 132, 136, 141, 146, 151, 157, 162, 167, 172, 177, 181, 184, 187, 189, 189, 189, 188, 186, 183, 180, 176, 171, 166, 160],
[159, 154, 148, 143, 139, 135, 132, 130, 129, 130, 131, 133, 137, 141, 145, 150, 155, 161, 166, 172, 176, 181, 185, 189, 191, 193, 193, 193, 193, 191, 188, 184, 180, 175, 170, 164],
[163, 157, 152, 147, 143, 139, 136, 134, 133, 134, 135, 137, 141, 144, 149, 154, 159, 165, 170, 175, 180, 185, 189, 193, 195, 196, 198, 197, 196, 194, 192, 188, 184, 179, 174, 169],
[166, 161, 156, 151, 147, 143, 140, 138, 137, 138, 139, 141, 144, 148, 153, 158, 163, 169, 174, 179, 184, 189, 193, 196, 199, 201, 201, 201, 200, 198, 196, 192, 188, 183, 178, 172],
[170, 165, 159, 155, 150, 147, 143, 142, 141, 142, 143, 145, 148, 152, 156, 161, 166, 172, 178, 183, 188, 193, 197, 200, 203, 205, 205, 205, 204, 202, 200, 196, 192, 187, 182, 176],
[174, 169, 163, 159, 154, 150, 147, 145, 144, 145, 146, 149, 151, 155, 160, 165, 170, 176, 181, 187, 192, 196, 200, 204, 206, 208, 209, 209, 208, 206, 203, 200, 195, 191, 185, 180],
[178, 172, 166, 162, 157, 154, 151, 149, 148, 149, 150, 152, 155, 159, 163, 169, 174, 180, 185, 191, 196, 200, 204, 208, 210, 212, 213, 212, 212, 209, 207, 203, 199, 194, 189, 183],
[181, 175, 170, 165, 161, 157, 155, 152, 151, 152, 153, 155, 159, 163, 167, 172, 178, 183, 189, 194, 199, 204, 208, 211, 214, 215, 216, 216, 215, 213, 211, 207, 203, 198, 193, 187],
[184, 179, 174, 169, 164, 160, 158, 156, 155, 155, 156, 159, 162, 166, 170, 175, 181, 187, 192, 198, 203, 207, 211, 215, 217, 219, 220, 220, 219, 217, 214, 211, 206, 201, 196, 191],
[188, 182, 177, 172, 167, 164, 161, 159, 159, 159, 159, 162, 165, 169, 174, 179, 184, 190, 195, 201, 206, 211, 215, 218, 221, 223, 223, 223, 222, 220, 218, 214, 209, 205, 200, 194],
[191, 186, 180, 175, 171, 167, 164, 163, 162, 162, 163, 165, 169, 172, 177, 182, 187, 193, 199, 204, 209, 214, 218, 222, 224, 226, 227, 227, 226, 224, 221, 217, 213, 208, 203, 197],
[194, 189, 184, 178, 174, 170, 167, 166, 165, 165, 166, 169, 172, 175, 180, 185, 191, 196, 202, 208, 212, 217, 222, 225, 228, 229, 230, 230, 229, 227, 224, 220, 216, 211, 206, 200]
],
"lumContrast":[0.017864420563, 0.028716559816, 0.044565462759, 0.066807201269, 0.096800484586, 0.135666060946, 0.184060125347, 0.241963652223, 0.308537538726, 0.382088577811, 0.460172162723, 0.539827837277, 0.617911422189, 0.691462461274, 0.758036347777, 0.815939874653, 0.864333939054, 0.903199515414, 0.933192798731, 0.955434537241, 0.971283440184, 0.982135579437]
}]