    [{
"RewardDuration":50,
"Weight":10,
"Species":"macaque",
"Homecage":1,
"Separated":1,
"Liquid":1,
"Tablet":"samsung10",
"Pump":2,
"TestedObjects":[0,1,2,3,4,5,6,7,8,9,10,11,12,13,14,15,16,17,18,19,20,21,22,23,24,25,26,27,28,29,30,31,32,33,34,35],
"Nway":4,
"SampleGridIndex":[4],
"TestGridIndex":[0, 2, 6, 8],
"RewardStage":1,
"RewardPer1000Trials":1350,
"PunishTimeOut":1500,
"FixationDuration":50,
"FixationRadius":128,
"FixationMove":0,
"SampleON":500,
"SampleOFF":500,
"KeepSampleON":0,
"HideTestDistractors":0,
"SampleBlockSize":0,
"NStickyResponse":5,
"TaskVersion":2,
"packsz":36,
"perobj":1,
"counter":0,
"stimulusSpaceName":"MTurkSpaceParams22075.609",
"frequencySpaceName":"MTurkSpaceParams22077.061",
"frequencySpace":[0.001219290, 0.001099325, 0.000930747, 0.000747043, 0.000577495, 0.000439430, 0.000336925, 0.000264652, 0.000213538, 0.000175276, 0.000144396, 0.000118223, 0.000095810, 0.000076870, 0.000061192, 0.000048557, 0.000038908, 0.000032620, 0.000030746, 0.000035131, 0.000048188, 0.000072152, 0.000107876, 0.000153744, 0.000205667, 0.000258888, 0.000311246, 0.000366123, 0.000432810, 0.000523092, 0.000645047, 0.000796797, 0.000963165, 0.001117165, 0.001226657, 0.001264618, 0.001289794, 0.001164374, 0.000992104, 0.000808625, 0.000642975, 0.000510519, 0.000412933, 0.000343128, 0.000291362, 0.000249620, 0.000213242, 0.000180415, 0.000150844, 0.000124650, 0.000101878, 0.000082497, 0.000066617, 0.000054729, 0.000047891, 0.000047749, 0.000056250, 0.000074920, 0.000103886, 0.000141219, 0.000183421, 0.000227451, 0.000273645, 0.000327821, 0.000400729, 0.000504148, 0.000644764, 0.000818223, 0.001006053, 0.001177595, 0.001297705, 0.001338411, 0.001354422, 0.001224252, 0.001051505, 0.000873339, 0.000717628, 0.000596953, 0.000510033, 0.000447718, 0.000399474, 0.000357520, 0.000317919, 0.000279612, 0.000242877, 0.000208259, 0.000176187, 0.000147046, 0.000121379, 0.000100058, 0.000084367, 0.000075928, 0.000076367, 0.000086660, 0.000106413, 0.000133618, 0.000165523, 0.000200738, 0.000241759, 0.000296353, 0.000376316, 0.000493261, 0.000652461, 0.000846941, 0.001054591, 0.001240864, 0.001367977, 0.001408084, 0.001400483, 0.001264154, 0.001092119, 0.000922501, 0.000781325, 0.000677838, 0.000607482, 0.000558899, 0.000520650, 0.000484972, 0.000448288, 0.000409828, 0.000370014, 0.000329526, 0.000289078, 0.000249550, 0.000212134, 0.000178369, 0.000150083, 0.000129199, 0.000117343, 0.000115282, 0.000122444, 0.000137043, 0.000157220, 0.000183132, 0.000219097, 0.000274389, 0.000361513, 0.000491700, 0.000668555, 0.000882037, 0.001105902, 0.001301629, 0.001429512, 0.001463199, 0.001422423, 0.001276131, 0.001102982, 0.000941619, 0.000815824, 0.000731382, 0.000680594, 0.000650157, 0.000627893, 0.000605936, 0.000580602, 0.000550719, 0.000516104, 0.000476918, 0.000433695, 0.000387548, 0.000340243, 0.000294084, 0.000251675, 0.000215579, 0.000187852, 0.000169536, 0.000160390, 0.000159272, 0.000165457, 0.000180643, 0.000210748, 0.000266265, 0.000360145, 0.000502938, 0.000696084, 0.000925771, 0.001161039, 0.001359455, 0.001480295, 0.001500097, 0.001422957, 0.001261638, 0.001083187, 0.000926268, 0.000812195, 0.000743512, 0.000710017, 0.000697269, 0.000693002, 0.000689481, 0.000682681, 0.000670421, 0.000651124, 0.000623611, 0.000587471, 0.000543396, 0.000493225, 0.000439711, 0.000386131, 0.000335796, 0.000291504, 0.000255046, 0.000227063, 0.000207584, 0.000197397, 0.000199912, 0.000222665, 0.000277311, 0.000377111, 0.000531597, 0.000739395, 0.000982107, 0.001223552, 0.001417616, 0.001523532, 0.001521935, 0.001410903, 0.001230230, 0.001041945, 0.000883970, 0.000774840, 0.000714207, 0.000690303, 0.000688766, 0.000698329, 0.000712066, 0.000725815, 0.000736217, 0.000739879, 0.000733692, 0.000715574, 0.000684992, 0.000643037, 0.000592170, 0.000535761, 0.000477528, 0.000420936, 0.000368708, 0.000322738, 0.000284669, 0.000257214, 0.000245833, 0.000259941, 0.000312547, 0.000417247, 0.000582259, 0.000802750, 0.001055045, 0.001297487, 0.001480766, 0.001565090, 0.001536128, 0.001396916, 0.001195080, 0.000994334, 0.000830722, 0.000719444, 0.000657505, 0.000632508, 0.000631439, 0.000645217, 0.000668610, 0.000697892, 0.000728887, 0.000756587, 0.000775961, 0.000783015, 0.000775473, 0.000752935, 0.000716691, 0.000669317, 0.000614161, 0.000554781, 0.000494517, 0.000436435, 0.000383898, 0.000341767, 0.000317853, 0.000323813, 0.000374338, 0.000483493, 0.000657961, 0.000888966, 0.001147170, 0.001385610, 0.001552616, 0.001610475, 0.001550626, 0.001389441, 0.001167870, 0.000955212, 0.000784238, 0.000666057, 0.000595104, 0.000559091, 0.000547321, 0.000553756, 0.000575520, 0.000609908, 0.000652575, 0.000697609, 0.000738717, 0.000770444, 0.000788903, 0.000791988, 0.000779283, 0.000751809, 0.000711671, 0.000661661, 0.000604975, 0.000545260, 0.000487198, 0.000437595, 0.000406628, 0.000408379, 0.000459441, 0.000574409, 0.000758231, 0.000997887, 0.001258397, 0.001488156, 0.001634364, 0.001662648, 0.001570877, 0.001392506, 0.001155452, 0.000934482, 0.000757683, 0.000631359, 0.000547452, 0.000494312, 0.000464081, 0.000454027, 0.000463723, 0.000491691, 0.000533923, 0.000584425, 0.000636621, 0.000684553, 0.000723496, 0.000750117, 0.000762443, 0.000759753, 0.000742426, 0.000711792, 0.000670082, 0.000620672, 0.000568765, 0.000522477, 0.000493920, 0.000499365, 0.000557146, 0.000682130, 0.000877175, 0.001124823, 0.001384797, 0.001601942, 0.001723896, 0.001721058, 0.001598404, 0.001405444, 0.001158980, 0.000935248, 0.000756483, 0.000623818, 0.000527020, 0.000455556, 0.000404543, 0.000374232, 0.000366117, 0.000379597, 0.000411078, 0.000454989, 0.000505301, 0.000556547, 0.000604187, 0.000644612, 0.000675058, 0.000693568, 0.000699003, 0.000691112, 0.000670745, 0.000640354, 0.000604874, 0.000572915, 0.000557777, 0.000577252, 0.000650741, 0.000792649, 0.001003072, 0.001259841, 0.001517886, 0.001719826, 0.001815492, 0.001781556, 0.001630759, 0.001423783, 0.001174783, 0.000954416, 0.000778360, 0.000642775, 0.000535979, 0.000449132, 0.000380246, 0.000331840, 0.000306376, 0.000303362, 0.000319235, 0.000348881, 0.000387170, 0.000429731, 0.000473013, 0.000514061, 0.000550309, 0.000579501, 0.000599760, 0.000609791, 0.000609302, 0.000599736, 0.000585400, 0.000574827, 0.000581793, 0.000624752, 0.000723135, 0.000889732, 0.001120866, 0.001389221, 0.001645405, 0.001831154, 0.001900215, 0.001836922, 0.001662271, 0.001440718, 0.001196011, 0.000984554, 0.000815310, 0.000680299, 0.000567569, 0.000470664, 0.000390324, 0.000330474, 0.000293467, 0.000278001, 0.000279930, 0.000294238, 0.000316549, 0.000343643, 0.000373247, 0.000403593, 0.000433057, 0.000459992, 0.000482746, 0.000499896, 0.000510761, 0.000516303, 0.000520452, 0.000531636, 0.000563769, 0.000635272, 0.000764542, 0.000961460, 0.001217428, 0.001499456, 0.001754245, 0.001923881, 0.001967531, 0.001878263, 0.001685406, 0.001449099, 0.001214713, 0.001016242, 0.000856342, 0.000724295, 0.000609361, 0.000508218, 0.000424122, 0.000361582, 0.000321898, 0.000302181, 0.000297099, 0.000301213, 0.000310427, 0.000322278, 0.000335528, 0.000349585, 0.000364030, 0.000378342, 0.000391830, 0.000403814, 0.000414144, 0.000424162, 0.000438149, 0.000464926, 0.000518701, 0.000617558, 0.000778074, 0.001006135, 0.001287247, 0.001582384, 0.001834831, 0.001988189, 0.002008275, 0.001897461, 0.001692894, 0.001443756, 0.001224165, 0.001040659, 0.000890496, 0.000761991, 0.000647181, 0.000546529, 0.000465551, 0.000408678, 0.000375536, 0.000361199, 0.000358762, 0.000361910, 0.000366245, 0.000369415, 0.000370612, 0.000369954, 0.000367972, 0.000365279, 0.000362425, 0.000359996, 0.000359090, 0.000362277, 0.000375063, 0.000407440, 0.000474409, 0.000593797, 0.000779961, 0.001034124, 0.001335381, 0.001638738, 0.001884873, 0.002020134, 0.002017980, 0.001890114, 0.001680287, 0.001423492, 0.001220965, 0.001051976, 0.000909682, 0.000783308, 0.000669025, 0.000571451, 0.000498041, 0.000452702, 0.000433168, 0.000432460, 0.000442074, 0.000454591, 0.000464840, 0.000469915, 0.000468687, 0.000461238, 0.000448414, 0.000431503, 0.000412069, 0.000392012, 0.000373988, 0.000362345, 0.000364532, 0.000392449, 0.000462482, 0.000592452, 0.000794411, 0.001064700, 0.001376057, 0.001678188, 0.001910459, 0.002023419, 0.001998978, 0.001857680, 0.001648009, 0.001391820, 0.001206068, 0.001048791, 0.000910598, 0.000783319, 0.000668142, 0.000573783, 0.000509186, 0.000477489, 0.000474702, 0.000492209, 0.000520271, 0.000550481, 0.000576710, 0.000595050, 0.000603387, 0.000600988, 0.000588189, 0.000566175, 0.000536884, 0.000503091, 0.000468838, 0.000440356, 0.000427370, 0.000444146, 0.000508856, 0.000639530, 0.000845963, 0.001119749, 0.001427862, 0.001716008, 0.001924062, 0.002008457, 0.001960202, 0.001807713, 0.001601863, 0.001356104, 0.001184344, 0.001034082, 0.000895055, 0.000762993, 0.000644340, 0.000551349, 0.000493829, 0.000474021, 0.000486638, 0.000522131, 0.000570200, 0.000621920, 0.000670405, 0.000710671, 0.000739299, 0.000754185, 0.000754410, 0.000740206, 0.000713005, 0.000675660, 0.000632974, 0.000592662, 0.000566562, 0.000571290, 0.000626809, 0.000751321, 0.000952371, 0.001217153, 0.001507917, 0.001768209, 0.001940665, 0.001989402, 0.001914938, 0.001752171, 0.001551767, 0.001325634, 0.001163004, 0.001013878, 0.000868780, 0.000728109, 0.000603141, 0.000508644, 0.000454522, 0.000442011, 0.000465017, 0.000513822, 0.000578350, 0.000649837, 0.000721172, 0.000786655, 0.000841706, 0.000882737, 0.000907198, 0.000913736, 0.000902468, 0.000875409, 0.000837219, 0.000796285, 0.000765875, 0.000764371, 0.000812994, 0.000929648, 0.001119425, 0.001365531, 0.001626823, 0.001846893, 0.001973617, 0.001980508, 0.001877636, 0.001704639, 0.001509402, 0.001309455, 0.001149716, 0.000995447, 0.000839476, 0.000687095, 0.000553446, 0.000454527, 0.000399496, 0.000388467, 0.000414922, 0.000469578, 0.000543232, 0.000627937, 0.000717029, 0.000804742, 0.000885893, 0.000955802, 0.001010428, 0.001046692, 0.001062952, 0.001059704, 0.001040587, 0.001013684, 0.000992651, 0.000996548, 0.001046751, 0.001159889, 0.001338059, 0.001560790, 0.001784971, 0.001956557, 0.002031055, 0.001992719, 0.001860714, 0.001677420, 0.001485673, 0.001314504, 0.001150987, 0.000985685, 0.000814989, 0.000648826, 0.000504944, 0.000399253, 0.000339438, 0.000324365, 0.000347309, 0.000399728, 0.000473634, 0.000562323, 0.000660137, 0.000761933, 0.000862689, 0.000957365, 0.001041047, 0.001109328, 0.001158934, 0.001188646, 0.001200585, 0.001201731, 0.001205046, 0.001228938, 0.001293440, 0.001412505, 0.001584363, 0.001784982, 0.001970595, 0.002091619, 0.002113121, 0.002030749, 0.001871681, 0.001678892, 0.001488434, 0.001344059, 0.001170872, 0.000989872, 0.000801920, 0.000620975, 0.000466100, 0.000352046, 0.000284542, 0.000261157, 0.000275014, 0.000318320, 0.000384289, 0.000467552, 0.000563735, 0.000668812, 0.000778601, 0.000888519, 0.000993631, 0.001088999, 0.001170349, 0.001235139, 0.001284034, 0.001322576, 0.001362267, 0.001419636, 0.001511841, 0.001648628, 0.001823346, 0.002008390, 0.002160395, 0.002235848, 0.002210470, 0.002090983, 0.001910789, 0.001711253, 0.001520571, 0.001396519, 0.001209885, 0.001010631, 0.000804559, 0.000608886, 0.000442914, 0.000319595, 0.000242584, 0.000208231, 0.000209480, 0.000239078, 0.000291156, 0.000361456, 0.000446830, 0.000544536, 0.000651637, 0.000764631, 0.000879367, 0.000991283, 0.001096031, 0.001190562, 0.001274679, 0.001352720, 0.001434467, 0.001533786, 0.001663750, 0.001828642, 0.002016125, 0.002195072, 0.002323361, 0.002364498, 0.002304918, 0.002160984, 0.001969834, 0.001769067, 0.001578602, 0.001464791, 0.001264217, 0.001047045, 0.000824016, 0.000614794, 0.000438226, 0.000305347, 0.000217999, 0.000171557, 0.000158763, 0.000172614, 0.000207736, 0.000260558, 0.000328837, 0.000410951, 0.000505248, 0.000609584, 0.000721108, 0.000836380, 0.000951883, 0.001065040, 0.001175700, 0.001287671, 0.001409280, 0.001551514, 0.001722765, 0.001921208, 0.002128575, 0.002310603, 0.002427170, 0.002449116, 0.002372617, 0.002221236, 0.002032842, 0.001839267, 0.001652293, 0.001536689, 0.001325593, 0.001094165, 0.000857620, 0.000637315, 0.000451392, 0.000309314, 0.000211686, 0.000153300, 0.000126741, 0.000125019, 0.000142853, 0.000176906, 0.000225388, 0.000287403, 0.000362310, 0.000449212, 0.000546685, 0.000652784, 0.000765452, 0.000883411, 0.001007478, 0.001141777, 0.001293803, 0.001471962, 0.001680060, 0.001910328, 0.002139113, 0.002329955, 0.002445551, 0.002463919, 0.002389201, 0.002249035, 0.002078841, 0.001903020, 0.001725750, 0.001596605, 0.001382064, 0.001143198, 0.000898820, 0.000671346, 0.000478308, 0.000328259, 0.000221307, 0.000152127, 0.000113287, 0.000097702, 0.000099944, 0.000116568, 0.000145826, 0.000187094, 0.000240283, 0.000305363, 0.000382081, 0.000469937, 0.000568530, 0.000678325, 0.000801730, 0.000943901, 0.001112174, 0.001312986, 0.001546218, 0.001799112, 0.002044005, 0.002243788, 0.002364983, 0.002392364, 0.002335842, 0.002223830, 0.002086393, 0.001939350, 0.001780062, 0.001628480, 0.001419959, 0.001182670, 0.000937871, 0.000708512, 0.000511822, 0.000356181, 0.000241895, 0.000163958, 0.000115112, 0.000088232, 0.000077698, 0.000079829, 0.000092678, 0.000115541, 0.000148443, 0.000191729, 0.000245848, 0.000311370, 0.000389319, 0.000481866, 0.000593168, 0.000729711, 0.000899100, 0.001106411, 0.001348561, 0.001609300, 0.001858955, 0.002061791, 0.002189324, 0.002232605, 0.002205126, 0.002133152, 0.002039229, 0.001930139, 0.001797372, 0.001619949, 0.001427077, 0.001200793, 0.000963558, 0.000738447, 0.000542703, 0.000385111, 0.000266640, 0.000182874, 0.000126899, 0.000091696, 0.000071589, 0.000062737, 0.000062976, 0.000071373, 0.000087782, 0.000112531, 0.000146298, 0.000190212, 0.000246245, 0.000317858, 0.000410636, 0.000532196, 0.000690401, 0.000889302, 0.001123768, 0.001375710, 0.001615657, 0.001811390, 0.001940566, 0.002000054, 0.002005097, 0.001977724, 0.001931892, 0.001865726, 0.001765901, 0.001566854, 0.001396747, 0.001188966, 0.000966111, 0.000751099, 0.000561390, 0.000406423, 0.000287928, 0.000202093, 0.000142399, 0.000102079, 0.000075612, 0.000059210, 0.000050640, 0.000048792, 0.000053283, 0.000064228, 0.000082219, 0.000108527, 0.000145563, 0.000197513, 0.000270784, 0.000373547, 0.000513496, 0.000693632, 0.000907418, 0.001136354, 0.001353132, 0.001530829, 0.001654046, 0.001724941, 0.001759158, 0.001773440, 0.001773286, 0.001749346, 0.001684662, 0.001476212, 0.001331318, 0.001145456, 0.000940749, 0.000739878, 0.000560578, 0.000412828, 0.000298841, 0.000215137, 0.000155470, 0.000113380, 0.000083676, 0.000062844, 0.000048801, 0.000040429, 0.000037202, 0.000039027, 0.000046306, 0.000060231, 0.000083300, 0.000119925, 0.000176706, 0.000261661, 0.000381703, 0.000538515, 0.000724508, 0.000921797, 0.001106599, 0.001258338, 0.001368702, 0.001444363, 0.001500396, 0.001548113, 0.001585649, 0.001597919, 0.001565548, 0.001365489, 0.001242961, 0.001077356, 0.000890337, 0.000704547, 0.000537974, 0.000400777, 0.000295113, 0.000217362, 0.000161277, 0.000120624, 0.000090600, 0.000068109, 0.000051387, 0.000039478, 0.000031871, 0.000028379, 0.000029271, 0.000035627, 0.000049878, 0.000076352, 0.000121369, 0.000192206, 0.000294453, 0.000428222, 0.000585090, 0.000748446, 0.000898745, 0.001021958, 0.001116241, 0.001191649, 0.001261927, 0.001333350, 0.001398253, 0.001437655, 0.001430840, 0.001257615, 0.001150569, 0.000999241, 0.000825444, 0.000652252, 0.000497901, 0.000372294, 0.000276945, 0.000207587, 0.000157635, 0.000120915, 0.000092957, 0.000071095, 0.000053941, 0.000040795, 0.000031269, 0.000025209, 0.000022862, 0.000025269, 0.000034783, 0.000055515, 0.000093235, 0.000154130, 0.000242175, 0.000355857, 0.000486203, 0.000618323, 0.000737112, 0.000834608, 0.000914224, 0.000988013, 0.001067727, 0.001155178, 0.001238389, 0.001295946, 0.001306471, 0.001173904, 0.001073905, 0.000928741, 0.000761348, 0.000595822, 0.000450671, 0.000335179, 0.000249759, 0.000189124, 0.000146111, 0.000114446, 0.000089890, 0.000070125, 0.000054089, 0.000041313, 0.000031558, 0.000024757, 0.000021222, 0.000022030, 0.000029493, 0.000047473, 0.000081078, 0.000135281, 0.000212425, 0.000309591, 0.000417673, 0.000523882, 0.000617452, 0.000695624, 0.000765601, 0.000840062, 0.000928225, 0.001027969, 0.001124059, 0.001193424, 0.001214187, 0.001128280, 0.001027849, 0.000881217, 0.000713420, 0.000550050, 0.000409867, 0.000301276, 0.000223343, 0.000169628, 0.000132335, 0.000105059, 0.000083734, 0.000066308, 0.000051933, 0.000040278, 0.000031182, 0.000024649, 0.000021064, 0.000021568, 0.000028447, 0.000045289, 0.000076513, 0.000125901, 0.000194359, 0.000277972, 0.000368038, 0.000454197, 0.000529777, 0.000596246, 0.000663221, 0.000742897, 0.000841643, 0.000953803, 0.001061397, 0.001139770, 0.001166267, 0.001124949, 0.001019163, 0.000865921, 0.000693025, 0.000527716, 0.000388810, 0.000283610, 0.000209763, 0.000159762, 0.000125337, 0.000100098, 0.000080224, 0.000063908, 0.000050441, 0.000039526, 0.000030992, 0.000024838, 0.000021482, 0.000022089, 0.000028873, 0.000045110, 0.000074506, 0.000119755, 0.000180619, 0.000252687, 0.000328195, 0.000399465, 0.000463585, 0.000525345, 0.000595699, 0.000685660, 0.000798692, 0.000925875, 0.001046520, 0.001133988, 0.001164376, 0.001159137, 0.001046052, 0.000884446, 0.000705092, 0.000536596, 0.000397381, 0.000293354, 0.000220723, 0.000171113, 0.000136084, 0.000109550, 0.000088134, 0.000070372, 0.000055709, 0.000043847, 0.000034559, 0.000027793, 0.000023942, 0.000024131, 0.000030423, 0.000045699, 0.000072938, 0.000113855, 0.000167384, 0.000229088, 0.000292578, 0.000352964, 0.000410706, 0.000473148, 0.000551865, 0.000656405, 0.000787461, 0.000932990, 0.001069337, 0.001167317, 0.001201441],
"rewardSpace":[1, 1, 2, 2, 2, 2, 2, 1, 1, 1, 2, 2, 3, 3, 3, 3, 2, 2, 1, 1, 1, 1, 1, 1, 0, 0, 0, 0, 0, 0, 0, 0, 0, 0, 0, 0, 1, 2, 2, 2, 2, 2, 2, 1, 1, 1, 2, 2, 3, 3, 3, 2, 2, 1, 1, 1, 1, 1, 1, 1, 0, 0, 0, 0, 0, 0, 0, 0, 0, 0, 0, 1, 2, 2, 2, 2, 2, 2, 1, 1, 1, 2, 2, 3, 3, 3, 3, 2, 2, 1, 1, 1, 1, 1, 1, 0, 0, 0, 0, 0, 0, 0, 0, 0, 0, 0, 0, 1, 2, 2, 2, 2, 2, 2, 1, 1, 1, 2, 2, 3, 3, 3, 3, 2, 2, 1, 1, 1, 1, 1, 0, 0, 0, 0, 0, 0, 0, 0, 0, 0, 0, 0, 1, 1, 2, 2, 3, 3, 2, 2, 1, 1, 1, 2, 2, 3, 3, 3, 2, 2, 1, 1, 1, 1, 1, 0, 0, 0, 0, 0, 0, 0, 0, 0, 0, 0, 0, 0, 1, 2, 2, 3, 3, 3, 2, 2, 1, 1, 1, 2, 2, 3, 3, 3, 2, 2, 1, 1, 0, 0, 0, 0, 0, 0, 0, 0, 0, 0, 0, 0, 0, 0, 0, 0, 1, 2, 2, 3, 3, 2, 2, 2, 1, 1, 2, 2, 3, 3, 3, 2, 2, 1, 1, 0, 0, 0, 0, 0, 0, 0, 0, 1, 1, 1, 1, 1, 1, 1, 1, 1, 1, 2, 3, 3, 3, 2, 2, 1, 1, 1, 2, 2, 3, 3, 3, 2, 2, 1, 1, 0, 0, 0, 0, 0, 0, 1, 1, 1, 1, 1, 1, 1, 1, 1, 1, 1, 2, 2, 3, 3, 3, 2, 2, 1, 1, 1, 2, 2, 3, 3, 2, 2, 2, 1, 0, 0, 0, 0, 0, 0, 1, 1, 1, 1, 1, 1, 2, 2, 2, 2, 2, 2, 2, 2, 3, 3, 3, 2, 2, 1, 1, 1, 2, 2, 2, 2, 2, 2, 1, 1, 0, 0, 0, 0, 0, 0, 0, 1, 1, 1, 1, 2, 2, 2, 2, 2, 2, 2, 2, 3, 3, 3, 3, 2, 2, 2, 1, 2, 2, 2, 2, 2, 2, 2, 1, 0, 0, 0, 0, 0, 0, 0, 0, 1, 1, 1, 1, 2, 2, 2, 2, 2, 2, 3, 3, 3, 3, 3, 3, 3, 2, 2, 2, 2, 2, 2, 2, 2, 2, 1, 1, 0, 0, 0, 0, 0, 0, 0, 0, 0, 1, 1, 1, 2, 2, 2, 2, 2, 2, 3, 3, 3, 3, 3, 3, 3, 3, 2, 2, 2, 2, 2, 2, 2, 2, 1, 0, 0, 0, 0, 0, 0, 0, 0, 0, 0, 0, 1, 1, 1, 2, 2, 2, 2, 2, 3, 3, 3, 3, 3, 3, 3, 3, 3, 2, 2, 2, 2, 2, 2, 1, 1, 0, 0, 0, 0, 0, 0, 0, 1, 0, 0, 0, 1, 1, 1, 2, 2, 2, 2, 2, 3, 3, 3, 3, 3, 3, 3, 3, 3, 3, 3, 3, 2, 2, 2, 2, 1, 1, 0, 0, 0, 0, 1, 1, 1, 1, 0, 1, 1, 1, 2, 2, 1, 1, 2, 2, 2, 3, 3, 3, 2, 2, 2, 2, 3, 3, 3, 3, 2, 2, 2, 2, 1, 1, 1, 1, 1, 1, 1, 1, 1, 1, 1, 1, 1, 2, 2, 2, 1, 1, 1, 2, 2, 2, 3, 2, 2, 2, 2, 2, 2, 2, 2, 2, 2, 2, 2, 2, 2, 1, 1, 1, 1, 1, 1, 1, 1, 1, 1, 1, 2, 2, 2, 2, 1, 1, 1, 2, 2, 2, 2, 2, 2, 2, 2, 2, 2, 2, 2, 2, 2, 2, 2, 2, 2, 1, 1, 1, 1, 1, 2, 1, 1, 1, 1, 2, 2, 2, 2, 2, 2, 1, 1, 2, 2, 2, 2, 2, 2, 2, 2, 2, 2, 2, 2, 2, 2, 2, 2, 2, 2, 2, 2, 2, 2, 2, 2, 2, 2, 1, 2, 2, 2, 2, 2, 2, 1, 1, 1, 1, 2, 2, 2, 2, 2, 2, 2, 2, 2, 2, 3, 3, 3, 3, 2, 2, 2, 2, 2, 2, 2, 2, 2, 2, 2, 2, 2, 2, 2, 2, 2, 2, 1, 1, 1, 1, 1, 2, 2, 1, 1, 1, 2, 2, 2, 2, 3, 3, 3, 3, 3, 3, 3, 2, 2, 2, 2, 3, 3, 2, 2, 2, 2, 2, 3, 3, 2, 2, 2, 1, 1, 1, 1, 1, 1, 1, 1, 1, 1, 2, 2, 2, 2, 2, 3, 3, 3, 3, 3, 3, 3, 3, 3, 3, 3, 3, 3, 3, 3, 3, 3, 3, 3, 2, 2, 1, 1, 1, 1, 1, 1, 0, 0, 1, 1, 1, 1, 2, 2, 2, 2, 3, 3, 3, 3, 3, 3, 3, 3, 3, 3, 3, 3, 3, 3, 3, 3, 3, 3, 2, 2, 2, 2, 1, 1, 1, 1, 1, 0, 0, 0, 1, 1, 1, 1, 2, 2, 2, 2, 2, 3, 3, 3, 3, 3, 3, 3, 3, 3, 3, 3, 3, 3, 3, 3, 3, 2, 2, 2, 2, 2, 1, 1, 1, 1, 0, 0, 0, 0, 1, 1, 1, 1, 2, 2, 2, 2, 2, 3, 3, 3, 3, 3, 3, 3, 3, 3, 3, 3, 3, 3, 3, 3, 3, 2, 2, 2, 2, 1, 2, 1, 1, 1, 0, 0, 0, 0, 0, 1, 1, 1, 1, 2, 2, 3, 3, 3, 3, 3, 3, 3, 3, 3, 3, 3, 3, 3, 3, 3, 3, 3, 2, 2, 2, 2, 2, 2, 1, 1, 1, 1, 0, 0, 0, 0, 0, 1, 1, 2, 2, 3, 3, 3, 3, 2, 2, 2, 3, 3, 3, 3, 3, 3, 3, 3, 3, 3, 2, 2, 2, 2, 2, 2, 1, 1, 1, 1, 1, 0, 0, 0, 0, 0, 1, 2, 2, 3, 3, 3, 3, 2, 2, 2, 3, 3, 3, 3, 2, 2, 2, 2, 2, 2, 2, 2, 2, 2, 2, 2, 1, 1, 1, 1, 1, 1, 0, 0, 0, 1, 1, 2, 2, 3, 3, 3, 2, 2, 2, 2, 3, 3, 3, 2, 2, 2, 2, 2, 2, 2, 2, 2, 2, 2, 1, 1, 1, 1, 1, 1, 1, 1, 1, 0, 0, 1, 1, 2, 3, 3, 3, 3, 2, 2, 2, 2, 2, 3, 2, 2, 2, 1, 1, 1, 1, 1, 1, 1, 1, 2, 1, 1, 1, 1, 1, 1, 1, 1, 1, 0, 0, 1, 2, 2, 3, 3, 3, 3, 2, 2, 2, 2, 2, 2, 2, 2, 1, 1, 0, 0, 0, 1, 1, 1, 1, 1, 0, 1, 1, 1, 1, 1, 1, 1, 1, 0, 1, 1, 2, 2, 3, 3, 3, 2, 2, 2, 2, 2, 2, 2, 2, 2, 1, 0, 0, 0, 0, 0, 0, 0, 0, 0, 0, 0, 1, 1, 1, 1, 1, 1, 1, 0, 1, 2, 2, 3, 3, 3, 3, 2, 2, 2, 2, 2, 2, 2, 2, 1, 1, 0, 0, 0, 0, 0, 0, 0, 0, 0, 0, 1, 1, 1, 2, 2, 1, 1, 1, 1, 1, 2, 2, 3, 3, 3, 3, 2, 2, 2, 2, 2, 2, 2, 1, 1, 0, 0, 0, 0, 0, 0, 0, 0, 0, 0, 0, 1, 1, 2, 2, 2, 1, 1, 1, 1, 1, 2, 2, 3, 3, 3, 2, 2, 2, 2, 2, 2, 2, 2, 1, 1, 0, 0, 0, 0, 0, 0, 0, 0, 0, 0, 1, 1, 2, 2, 2, 2, 2, 1, 1, 1, 2, 2, 3, 3, 3, 3, 2, 2, 1, 1, 2, 2, 2, 1, 1, 0, 0, 0, 0, 0, 0, 0, 0, 0, 0, 0]
}]

