[{
"imageFolderIndex":19,
"calibname":"voyager_RGB.txt",
"grey":[163, 165, 159],
"red":[
[159, 158, 156, 152, 148, 143, 135, 129, 119, 111, 101, 90, 78, 66, 52, 40, 21, -1, -1, -1, -1, 14, 37, 52, 68, 83, 96, 108, 119, 130, 138, 145, 150, 155, 158, 159],
[166, 164, 162, 159, 154, 149, 142, 134, 126, 116, 106, 96, 84, 72, 59, 45, 33, 14, -1, -1, 14, 30, 45, 61, 75, 88, 101, 114, 125, 135, 143, 151, 157, 161, 164, 166],
[172, 170, 168, 164, 160, 154, 147, 140, 131, 122, 112, 101, 90, 78, 65, 52, 40, 26, 21, 14, 26, 37, 52, 66, 80, 94, 107, 119, 130, 141, 149, 157, 163, 167, 170, 172],
[178, 176, 174, 170, 166, 159, 153, 145, 136, 128, 117, 106, 95, 83, 70, 59, 48, 37, 30, 30, 33, 45, 59, 72, 86, 99, 112, 125, 136, 146, 155, 162, 168, 173, 175, 177],
[183, 182, 179, 175, 171, 165, 158, 150, 142, 132, 122, 111, 100, 88, 77, 65, 52, 42, 37, 37, 42, 52, 65, 77, 91, 104, 117, 130, 141, 151, 160, 167, 173, 178, 181, 183],
[188, 188, 185, 181, 176, 170, 163, 155, 147, 137, 127, 116, 104, 92, 81, 70, 59, 50, 45, 45, 50, 59, 70, 83, 95, 108, 122, 134, 146, 156, 165, 173, 178, 183, 186, 188],
[194, 192, 190, 186, 181, 175, 168, 160, 151, 142, 131, 120, 108, 98, 86, 75, 65, 57, 50, 50, 55, 63, 75, 87, 100, 114, 127, 139, 150, 161, 170, 178, 183, 188, 192, 194],
[198, 198, 195, 191, 186, 180, 173, 165, 156, 146, 136, 125, 113, 101, 90, 80, 68, 61, 57, 57, 61, 68, 80, 91, 105, 118, 131, 143, 155, 166, 175, 182, 188, 194, 196, 198],
[204, 202, 200, 196, 191, 185, 178, 170, 160, 150, 140, 129, 117, 106, 95, 84, 73, 66, 63, 61, 66, 73, 84, 96, 110, 123, 135, 148, 159, 170, 179, 187, 193, 198, 202, 204],
[209, 207, 205, 201, 196, 190, 182, 174, 165, 155, 144, 133, 122, 110, 99, 88, 78, 72, 66, 66, 70, 78, 88, 100, 114, 127, 140, 152, 163, 174, 183, 192, 198, 203, 206, 208],
[213, 212, 209, 205, 200, 194, 187, 178, 169, 159, 149, 137, 126, 114, 103, 92, 83, 75, 72, 72, 75, 83, 92, 105, 117, 130, 143, 156, 168, 178, 188, 196, 202, 207, 210, 212],
[217, 216, 213, 210, 205, 198, 191, 183, 173, 163, 152, 142, 130, 118, 107, 96, 87, 80, 77, 77, 80, 87, 98, 110, 122, 135, 148, 160, 172, 183, 192, 200, 207, 212, 215, 217],
[222, 221, 218, 214, 209, 203, 195, 187, 177, 167, 156, 145, 133, 122, 111, 100, 91, 84, 81, 81, 84, 91, 101, 113, 126, 139, 152, 164, 176, 187, 196, 204, 211, 216, 220, 221],
[226, 225, 222, 218, 213, 207, 199, 191, 181, 171, 160, 149, 137, 126, 114, 104, 95, 88, 86, 86, 88, 95, 105, 117, 130, 143, 155, 168, 180, 191, 200, 209, 215, 220, 224, 225],
[230, 229, 227, 222, 217, 211, 204, 194, 185, 175, 164, 153, 141, 130, 118, 108, 99, 92, 88, 88, 92, 100, 110, 120, 133, 146, 159, 172, 184, 195, 204, 212, 220, 224, 228, 230],
[235, 233, 231, 227, 221, 215, 207, 198, 189, 178, 168, 156, 144, 133, 122, 112, 103, 96, 92, 92, 96, 104, 113, 125, 137, 150, 163, 175, 188, 198, 208, 217, 223, 228, 232, 234],
[238, 237, 235, 231, 225, 219, 211, 202, 193, 182, 171, 160, 148, 136, 126, 115, 106, 100, 96, 96, 100, 107, 117, 129, 141, 154, 166, 179, 192, 202, 212, 220, 227, 232, 236, 238],
[242, 241, 238, 235, 229, 222, 215, 206, 196, 186, 175, 163, 152, 140, 129, 118, 111, 104, 100, 100, 104, 111, 120, 131, 144, 157, 170, 183, 195, 206, 216, 224, 231, 236, 240, 242],
[246, 245, 242, 238, 233, 227, 218, 210, 200, 190, 178, 166, 155, 143, 132, 123, 114, 107, 104, 104, 107, 115, 124, 135, 148, 161, 174, 187, 198, 210, 220, 228, 235, 240, 244, 246],
[250, 249, 246, 242, 237, 230, 222, 213, 204, 193, 182, 170, 159, 147, 136, 126, 117, 111, 107, 107, 112, 118, 128, 139, 151, 164, 177, 190, 202, 213, 223, 232, 238, 244, 248, 250],
[254, 252, 250, 246, 240, 233, 226, 217, 207, 196, 186, 173, 162, 150, 139, 130, 120, 114, 111, 112, 115, 122, 130, 143, 155, 167, 181, 194, 205, 217, 227, 235, 242, 248, 251, 253]
],
"green":[
[99, 99, 101, 103, 104, 107, 109, 111, 113, 115, 117, 119, 120, 122, 123, 124, 124, -1, -1, -1, -1, 122, 121, 119, 117, 115, 111, 109, 107, 104, 102, 101, 99, 98, 98, 98],
[104, 106, 107, 108, 110, 113, 115, 117, 119, 121, 122, 124, 126, 127, 128, 129, 130, 130, -1, -1, 129, 128, 126, 124, 122, 120, 118, 115, 113, 110, 108, 107, 104, 104, 103, 104],
[110, 110, 113, 114, 116, 118, 120, 122, 124, 126, 128, 130, 131, 133, 134, 135, 136, 136, 136, 135, 135, 133, 132, 130, 127, 125, 123, 120, 118, 116, 114, 111, 110, 109, 109, 109],
[115, 116, 117, 119, 120, 122, 124, 127, 129, 131, 133, 135, 137, 138, 140, 141, 141, 142, 142, 141, 140, 139, 137, 135, 133, 130, 128, 125, 123, 120, 118, 117, 116, 115, 114, 115],
[120, 120, 122, 123, 125, 127, 129, 132, 134, 136, 138, 140, 142, 143, 144, 145, 146, 146, 146, 146, 145, 143, 143, 140, 138, 135, 133, 130, 128, 125, 123, 121, 120, 119, 119, 119],
[124, 125, 126, 128, 130, 132, 134, 137, 139, 141, 143, 145, 147, 149, 150, 150, 151, 151, 151, 150, 150, 149, 147, 145, 143, 141, 138, 135, 132, 130, 128, 126, 125, 124, 123, 124],
[129, 130, 131, 133, 135, 137, 139, 142, 143, 146, 148, 150, 151, 153, 155, 155, 155, 156, 156, 155, 155, 153, 151, 150, 148, 145, 143, 140, 137, 135, 133, 131, 129, 128, 128, 128],
[133, 134, 136, 137, 139, 142, 143, 146, 148, 150, 152, 155, 156, 158, 159, 159, 160, 160, 160, 160, 159, 158, 156, 155, 152, 150, 147, 144, 142, 140, 137, 135, 134, 133, 133, 133],
[138, 139, 140, 142, 143, 146, 148, 150, 152, 155, 157, 159, 160, 162, 163, 164, 165, 165, 165, 164, 163, 162, 160, 159, 156, 154, 151, 149, 146, 143, 142, 140, 139, 138, 137, 137],
[142, 143, 144, 146, 148, 150, 152, 155, 157, 159, 161, 163, 165, 166, 167, 168, 169, 170, 169, 169, 168, 166, 165, 163, 160, 158, 155, 153, 150, 148, 146, 144, 143, 142, 142, 142],
[146, 147, 149, 150, 152, 154, 156, 159, 161, 163, 165, 167, 169, 170, 172, 173, 173, 173, 173, 173, 172, 170, 169, 167, 165, 162, 159, 157, 155, 152, 150, 148, 147, 146, 145, 145],
[150, 151, 152, 154, 156, 158, 160, 163, 165, 167, 170, 171, 173, 175, 175, 177, 178, 178, 178, 177, 176, 175, 173, 171, 169, 166, 163, 161, 159, 156, 154, 152, 150, 150, 150, 150],
[154, 155, 156, 158, 159, 162, 164, 166, 169, 171, 173, 175, 177, 178, 180, 180, 181, 181, 181, 180, 180, 178, 177, 175, 173, 170, 167, 165, 163, 160, 158, 156, 155, 154, 153, 154],
[158, 159, 160, 162, 163, 166, 168, 170, 173, 175, 177, 179, 180, 183, 183, 185, 185, 185, 185, 185, 184, 183, 180, 179, 176, 174, 171, 169, 166, 163, 162, 159, 159, 158, 157, 157],
[161, 163, 163, 165, 167, 170, 172, 174, 176, 178, 180, 183, 185, 186, 187, 188, 189, 189, 189, 189, 187, 186, 185, 183, 180, 178, 175, 173, 170, 167, 165, 163, 162, 161, 161, 161],
[165, 166, 167, 169, 171, 173, 175, 178, 180, 183, 185, 187, 188, 190, 191, 192, 193, 193, 193, 192, 191, 190, 188, 186, 184, 181, 179, 176, 173, 171, 169, 167, 166, 165, 164, 164],
[169, 170, 171, 173, 175, 177, 179, 181, 183, 186, 188, 190, 192, 193, 195, 195, 196, 197, 197, 196, 195, 193, 192, 190, 187, 185, 183, 180, 177, 175, 173, 171, 170, 168, 168, 168],
[172, 173, 174, 176, 178, 180, 183, 185, 187, 189, 191, 193, 195, 197, 198, 199, 200, 200, 200, 199, 199, 197, 195, 193, 191, 189, 186, 183, 180, 178, 176, 174, 173, 172, 172, 172],
[175, 176, 178, 180, 181, 183, 186, 188, 191, 193, 195, 197, 199, 201, 202, 203, 204, 204, 204, 203, 202, 201, 199, 197, 195, 192, 189, 187, 184, 182, 180, 178, 176, 175, 175, 175],
[179, 180, 181, 183, 185, 187, 189, 191, 194, 196, 199, 201, 202, 204, 205, 206, 207, 207, 207, 206, 206, 204, 202, 200, 198, 195, 193, 190, 187, 185, 183, 181, 180, 178, 178, 178],
[182, 183, 185, 186, 188, 190, 193, 195, 197, 200, 202, 204, 206, 207, 209, 210, 211, 211, 211, 210, 209, 207, 206, 204, 201, 199, 196, 193, 191, 188, 186, 185, 183, 182, 181, 182]
],
"blue":[
[102, 96, 91, 85, 80, 77, 74, 71, 71, 71, 72, 74, 78, 83, 87, 92, 98, -1, -1, -1, -1, 124, 128, 132, 135, 137, 138, 137, 136, 134, 131, 127, 123, 118, 113, 108],
[108, 102, 96, 91, 85, 81, 78, 77, 75, 77, 77, 80, 84, 88, 92, 98, 103, 109, -1, -1, 125, 130, 134, 138, 140, 142, 143, 143, 142, 140, 137, 133, 129, 124, 118, 113],
[113, 106, 101, 96, 91, 87, 84, 83, 81, 81, 83, 85, 88, 93, 98, 103, 109, 114, 120, 125, 131, 136, 140, 144, 147, 148, 149, 149, 148, 146, 143, 140, 135, 129, 124, 118],
[117, 112, 106, 101, 96, 92, 89, 87, 87, 87, 88, 91, 93, 98, 103, 109, 114, 119, 125, 131, 137, 141, 146, 149, 152, 153, 155, 154, 153, 152, 148, 145, 140, 135, 129, 123],
[122, 117, 111, 105, 101, 97, 95, 92, 91, 92, 93, 96, 98, 103, 108, 113, 119, 124, 130, 136, 141, 147, 151, 154, 158, 159, 160, 160, 159, 157, 153, 150, 146, 140, 135, 128],
[127, 121, 116, 111, 106, 102, 98, 97, 96, 96, 97, 99, 103, 108, 113, 118, 123, 129, 136, 141, 147, 152, 156, 160, 162, 165, 165, 165, 164, 162, 159, 155, 150, 145, 140, 134],
[132, 126, 120, 115, 111, 106, 103, 102, 101, 101, 102, 104, 108, 112, 117, 122, 128, 134, 140, 146, 152, 157, 161, 165, 168, 169, 170, 170, 169, 167, 164, 160, 155, 150, 145, 139],
[137, 131, 125, 119, 115, 111, 108, 105, 105, 105, 106, 109, 112, 116, 121, 127, 133, 139, 145, 151, 157, 162, 165, 169, 172, 174, 175, 175, 174, 172, 169, 165, 160, 155, 149, 143],
[141, 135, 129, 124, 119, 115, 112, 110, 109, 110, 111, 113, 116, 121, 126, 131, 138, 143, 149, 155, 161, 166, 170, 174, 177, 179, 180, 180, 178, 176, 173, 169, 165, 159, 153, 147],
[146, 140, 134, 128, 123, 119, 116, 114, 113, 113, 115, 117, 121, 125, 130, 136, 142, 147, 154, 160, 165, 171, 175, 179, 182, 183, 185, 184, 183, 181, 178, 174, 169, 164, 158, 152],
[150, 144, 138, 132, 127, 123, 120, 118, 117, 117, 119, 121, 125, 129, 134, 140, 146, 153, 158, 164, 170, 175, 180, 183, 186, 188, 189, 189, 188, 186, 183, 178, 174, 169, 162, 157],
[154, 148, 142, 137, 131, 127, 124, 122, 121, 121, 123, 125, 129, 133, 139, 144, 150, 157, 162, 169, 174, 179, 184, 188, 190, 193, 193, 193, 192, 190, 187, 183, 178, 172, 167, 161],
[158, 152, 146, 140, 136, 131, 128, 126, 125, 125, 127, 129, 133, 138, 142, 148, 154, 161, 166, 172, 178, 183, 188, 192, 195, 197, 198, 197, 197, 194, 191, 187, 182, 177, 171, 165],
[162, 156, 150, 144, 140, 135, 132, 130, 129, 129, 131, 133, 137, 141, 147, 152, 158, 165, 171, 177, 183, 188, 193, 196, 199, 201, 202, 202, 201, 199, 195, 191, 186, 181, 175, 169],
[166, 160, 154, 148, 143, 140, 136, 134, 133, 133, 135, 137, 140, 145, 150, 156, 162, 169, 175, 181, 186, 192, 197, 200, 203, 205, 206, 206, 205, 203, 199, 195, 190, 185, 179, 172],
[170, 164, 158, 152, 147, 143, 140, 138, 137, 137, 139, 140, 144, 149, 154, 160, 165, 172, 178, 185, 190, 196, 201, 204, 207, 209, 210, 210, 209, 207, 203, 199, 195, 189, 183, 176],
[174, 167, 162, 156, 151, 147, 143, 141, 140, 140, 142, 144, 148, 153, 158, 163, 169, 176, 182, 188, 194, 199, 204, 208, 211, 213, 214, 214, 213, 210, 207, 203, 198, 193, 186, 181],
[178, 171, 165, 159, 154, 150, 147, 145, 144, 144, 146, 148, 152, 156, 162, 167, 173, 180, 186, 192, 198, 203, 208, 212, 215, 217, 218, 218, 217, 214, 211, 207, 202, 197, 190, 184],
[181, 175, 169, 163, 158, 153, 150, 148, 147, 147, 149, 152, 155, 160, 165, 171, 177, 183, 190, 196, 202, 207, 212, 216, 219, 221, 222, 222, 220, 218, 215, 210, 206, 200, 194, 188],
[185, 178, 172, 166, 162, 157, 153, 152, 151, 151, 153, 155, 158, 163, 169, 174, 181, 187, 193, 199, 205, 211, 215, 220, 223, 225, 226, 225, 224, 222, 219, 214, 209, 204, 198, 191],
[188, 182, 175, 169, 165, 161, 157, 155, 154, 154, 156, 158, 162, 166, 172, 178, 184, 190, 197, 203, 209, 215, 219, 223, 227, 228, 229, 229, 228, 226, 222, 218, 213, 207, 201, 195]
],
"lumContrast":[0.017864420563, 0.028716559816, 0.044565462759, 0.066807201269, 0.096800484586, 0.135666060946, 0.184060125347, 0.241963652223, 0.308537538726, 0.382088577811, 0.460172162723, 0.539827837277, 0.617911422189, 0.691462461274, 0.758036347777, 0.815939874653, 0.864333939054, 0.903199515414, 0.933192798731, 0.955434537241, 0.971283440184, 0.982135579437]
}]